DBRep_DrawableShape

CASCADE Topology V1, (c) Matra-Datavision
Locations 0
Curve2ds 83
1 0 0 1 0 
1 0 0 1 0 
1 0 0 1 0 
1 6.283185307179588 0 -1 0 
1 6.2831853071795862 0 -1 0 
1 6.2831853071795862 0 -1 0 
1 6.2831853071795827 0 -1 0 
1 0 0 1 0 
1 0 0 1 0 
1 0 0 1 0 
1 0 0 1 0 
1 6.2831853071795836 0 -1 0 
1 6.2831853071795862 0 -1 0 
1 6.2831853071795862 0 -1 0 
1 6.2831853071795889 0 -1 0 
1 0 0 1 0 
1 0 0 1 0 
1 0 0 1 0 
1 0 0 1 0 
1 6.283185307179588 0 -1 0 
1 6.2831853071795862 0 -1 0 
1 6.2831853071795862 0 -1 0 
1 6.283185307179588 0 -1 0 
1 0 0 1 0 
1 0 0 1 0 
1 0 0 1 0 
1 0 0 1 0 
1 0 0 1 0 
1 6.2831853071795845 0 -1 0 
1 6.2831853071795862 0 -1 0 
1 6.2831853071795853 0 -1 0 
1 6.283185307179588 0 -1 0 
1 0 0 1 0 
1 0 0 1 0 
1 0 0 1 0 
1 0 0 1 0 
1 0 0 1 0 
1 6.2831853071795845 0 -1 0 
1 6.2831853071795862 0 -1 0 
1 6.2831853071795862 0 -1 0 
1 6.2831853071795845 0 -1 0 
1 0 0 1 0 
1 0 0 1 0 
1 0 0 1 0 
1 0 0 1 0 
1 6.2831853071795862 0 -1 0 
1 6.2831853071795862 0 -1 0 
1 6.2831853071795862 0 -1 0 
1 6.2831853071795871 0 -1 0 
1 0 0 1 0 
1 0 0 1 0 
1 0 0 1 0 
1 0 0 1 0 
1 6.283185307179588 0 -1 0 
1 6.2831853071795862 0 -1 0 
1 6.2831853071795862 0 -1 0 
1 6.2831853071795845 0 -1 0 
1 0 0 1 0 
1 0 0 1 0 
1 0 0 1 0 
1 0 0 1 0 
1 0 0 1 0 
1 6.2831853071795845 0 -1 0 
1 6.2831853071795853 0 -1 0 
1 6.283185307179588 0 -1 0 
1 6.2831853071795916 0 -1 0 
1 0 0 1 0 
1 0 0 1 0 
1 0 0 1 0 
1 0 0 1 0 
1 0 0 1 0 
1 -4.4408920985006262e-16 0 1 0 
1 0 0 1 0 
1 -4.4408920985006262e-16 0 1 0 
1 0 0 1 0 
1 4.4408920985006262e-16 0 1 0 
1 0 0 1 0 
1 -4.4408920985006262e-16 0 1 0 
1 0 0 1 0 
1 0 0 1 0 
1 0 0 1 0 
1 0 0 1 0 
1 0 0 1 0 
Curves 163
2 24.625000000000909 -17.999999999999545 0 0 0 1 0 -1 0 1 0 -0 1.999999999998892
1 20 -20 0 1 0 0 
2 20 -19.199999999991633 0 0 0 1 -1 -1.1368680000000001e-11 0 1.1368680000000001e-11 -1 0 0.80000000000524096
1 19.200000000000728 -18.500000762930995 0 0 -1 0 
2 19.499999999998181 -18.500000762930995 0 0 0 1 -3.6029632600000003e-07 0.99999999999993516 0 -0.99999999999993516 -3.6029632600000003e-07 0 0.29999999999930099
1 21.669121477675617 -18.19999998142066 0 -0.99999999999993505 -3.6028898200000007e-07 0 
2 21.669121196646302 -17.419999981418641 0 0 0 -1 -3.6029399400000004e-07 0.99999999999993516 0 0.99999999999993516 3.6029399400000004e-07 0 0.77999999999889302
1 19.880887455178708 -14.528679661316346 0 0.70710678118826509 -0.70710678118483006 0 
2 17.759567111629622 -16.650000004856338 0 0 0 -1 -0.70710678118806303 -0.70710678118503201 -0 -0.70710678118503201 0.70710678118806303 0 2.9999999999859028
1 15.490432899337065 -13.650000000143336 0 1 -2.0842190000000002e-09 0 
2 15.490432893102479 -16.650000000142882 0 0 0 -1 -2.0781950000000002e-09 -1 -0 -1 2.0781950000000002e-09 0 2.9999999999965601
1 11.029335520065615 -16.868456686061108 0 0.70710678118723502 0.70710678118586012 0 
2 11.580878809386377 -17.419999975390965 0 0 0 -1 0.70710678118071701 -0.70710678119237802 0 -0.70710678119237802 -0.70710678118071701 -0 0.77999999999889302
1 13.750000108916538 -18.200000762938089 0 -0.99999999999993405 3.6307307900000003e-07 0 
2 13.75 -18.500000762930995 0 0 0 1 1 0 -0 -0 1 0 0.299999999995748
1 14.049999999997453 -19.199999999991633 0 0 1 0 
2 13.249999999998181 -19.200000000000728 0 0 0 1 0 -1 0 1 0 -0 0.80000000000168803
1 0 -20 0 1 0 0 
2 0 -19.199999999991633 0 0 0 1 -1 -1.1368680000000001e-11 0 1.1368680000000001e-11 -1 0 0.80000000000524096
1 -0.79999999999927196 -18.500000762930995 0 0 -1 0 
2 -0.50000000000181899 -18.500000762930995 0 0 0 1 -3.6026601000000007e-07 0.99999999999993516 0 -0.99999999999993516 -3.6026601000000007e-07 0 0.29999999999930099
1 1.6691214776756169 -18.19999998142066 0 -0.99999999999993505 -3.6028898200000007e-07 0 
2 1.669121196646302 -17.419999981418641 0 0 0 -1 -3.6029399400000004e-07 0.99999999999993516 0 0.99999999999993516 3.6029399400000004e-07 0 0.77999999999889302
1 -0.11911254482129199 -14.528679661316346 0 0.70710678118826509 -0.70710678118483006 0 
2 -2.2404328883703779 -16.650000004856338 0 0 0 -1 -0.70710678118806303 -0.70710678118503201 -0 -0.70710678118503201 0.70710678118806303 0 2.9999999999823501
1 -4.5095671006583871 -13.650000000143336 0 1 -2.0872250000000001e-09 0 
2 -4.5095671068975207 -16.650000000142882 0 0 0 -1 -2.079711e-09 -1 -0 -1 2.079711e-09 0 2.9999999999965601
1 -8.9706644799298374 -16.868456686061108 0 0.70710678118654757 0.70710678118654757 0 
2 -8.4191211906136232 -17.419999975390965 0 0 0 -1 0.70710678117780201 -0.70710678119529302 0 -0.70710678119529302 -0.70710678117780201 -0 0.77999999999889302
1 -6.249999891083462 -18.200000762938089 0 -0.99999999999993405 3.6307307900000003e-07 0 
2 -6.25 -18.500000762930995 0 0 0 1 1 0 -0 -0 1 0 0.299999999995748
1 -5.9500000000025466 -19.199999999991633 0 0 1 0 
2 -6.750000000001819 -19.200000000000728 0 0 0 1 0 -1 0 1 0 -0 0.79999999999813498
1 -20 -20.000000000002274 0 1 1.716028e-13 0 
2 -20 -19.200000000000728 0 0 0 1 -1 1.1368680000000001e-11 0 -1.1368680000000001e-11 -1 0 0.80000000000524096
1 -20.799999999999272 -18.500000762930995 0 0 -1 0 
2 -20.500000000001819 -18.500000762930995 0 0 0 1 -3.6305512700000003e-07 0.99999999999993416 0 -0.99999999999993416 -3.6305512700000003e-07 0 0.29999999999930099
1 -18.330878526203378 -18.199999975377068 0 -0.99999999999993405 -3.6307517600000007e-07 0 
2 -18.330878809397291 -17.419999975390965 0 0 0 -1 -3.6306911900000007e-07 0.99999999999993416 0 0.99999999999993416 3.6306911900000007e-07 0 0.77999999999889302
1 -20.119112549537022 -14.528679656591521 0 0.70710678118654757 -0.70710678118654757 0 
2 -22.240432893086108 -16.650000000124692 0 0 0 -1 -0.70710678118920001 -0.70710678118389503 -0 -0.70710678118389503 0.70710678118920001 0 2.999999999971692
1 -24.509567117866027 -13.650000004872709 0 1 2.0802110000000001e-09 0 
2 -24.509567111626893 -16.650000004865433 0 0 0 -1 2.079711e-09 -1 0 -1 -2.079711e-09 -0 2.999999999996561
1 -28.97066448597343 -16.868456692102427 0 0.70710678118620407 0.70710678118689108 0 
2 -28.419121196643573 -17.419999981418641 0 0 0 -1 0.70710678119529302 -0.70710678117780201 0 -0.70710678117780201 -0.70710678119529302 -0 0.78000000000244496
1 -26.249999891906555 -18.200000762931268 0 -0.99999999999993505 3.6028688500000003e-07 0 
2 -26.25 -18.500000762930995 0 0 0 1 1 0 -0 -0 1 0 0.29999999999930099
1 -25.950000000002547 -19.200000000000728 0 0 1 0 
2 -26.750000000001819 -19.199999999991633 0 0 0 1 0 -1 0 1 0 -0 0.80000000000168803
1 -31.375000000002728 -20 0 1 0 0 
2 -31.375000000002728 -17.999999999999545 0 0 0 1 -1 0 0 0 -1 0 1.999999999995338
1 -33.375000000000909 -13.374999999998636 0 0 -1 0 
2 -32.575000000001637 -13.374999999991815 0 0 0 1 0 1 0 -1 0 0 0.79999999999813498
1 -31.875000762938726 -12.574999999999363 0 -1 9.7445969999999994e-12 0 
2 -31.875000762938726 -12.874999999999091 0 0 0 1 0.99999999999993416 3.6307028500000006e-07 -0 -3.6307028500000006e-07 0.99999999999993416 0 0.30000000000285398
1 -31.574999975400715 -15.044121473797532 0 -3.6306888600000007e-07 0.99999999999993405 0 
2 -30.79499997540097 -15.044121190603619 0 0 0 -1 0.99999999999993416 3.6306911900000007e-07 0 3.6306911900000007e-07 -0.99999999999993416 0 0.77999999999889302
1 -27.903679656606073 -13.255887450457067 0 -0.70710678118551695 -0.70710678118757808 0 
2 -30.025000000150612 -11.134567106892064 0 0 0 -1 -0.70710678118313708 0.70710678118995807 0 0.70710678118995807 0.70710678118313708 0 2.9999999999965601
1 -27.025000004878166 -8.8654328821280615 0 2.0822149999999999e-09 -1 0 
2 -30.0250000048527 -8.8654328883671951 0 0 0 -1 -1 -2.079711e-09 -0 -2.079711e-09 1 0 2.9999999999752438
1 -30.243456692114705 -4.4043355140274798 0 0.70710678118860903 -0.707106781184486 0 
2 -30.794999981440014 -4.9558788033482424 0 0 0 -1 -0.70710678118946302 -0.70710678118363202 -0 -0.70710678118363202 0.70710678118946302 0 0.77999999999889302
1 -31.575000762936725 -7.1250001080807124 0 3.6028688500000003e-07 0.99999999999993505 0 
2 -31.875000762938726 -7.1249999999986358 0 0 0 1 0 -1 0 1 0 -0 0.29999999999930099
1 -32.575000000001637 -7.4249999999915417 0 1 0 0 
2 -32.575000000010732 -6.625000000003638 0 0 0 1 -1 5.6843419999999999e-12 0 -5.6843419999999999e-12 -1 0 0.79999999999103
1 -33.375000000000909 -1.999999999998181 0 0 -1 0 
2 -31.375000000002728 -1.999999999998181 0 0 0 1 0 1 0 -1 0 0 2.0000000000024438
1 -26.750000000001819 0 0 -1 0 0 
2 -26.750000000001819 -0.79999999999017701 0 0 0 1 1 0 -0 -0 1 0 0.79999999999813498
1 -25.950000000002547 -1.499999237053089 0 0 1 0 
2 -26.25 -1.499999237053089 0 0 0 1 3.6305512700000003e-07 -0.99999999999993416 0 0.99999999999993416 3.6305512700000003e-07 -0 0.30000000000285298
1 -28.419121473802988 -1.80000002460929 0 0.99999999999993405 3.6307622400000006e-07 0 
2 -28.419121190613623 -2.580000024604487 0 0 0 -1 3.6306328900000004e-07 -0.99999999999993416 0 -0.99999999999993416 -3.6306328900000004e-07 -0 0.77999999999533998
1 -26.63088745046025 -5.471320343399384 0 -0.70710678118620396 0.70710678118689108 0 
2 -24.509567106897521 -3.3499999998275598 0 0 0 -1 0.70710678118503201 0.70710678118806303 0 0.70710678118806303 -0.70710678118503201 0 3.0000000000107718
1 -22.240432882131245 -6.3499999951181962 0 -1 -2.0802110000000001e-09 0 
2 -22.240432888379473 -3.349999995118651 0 0 0 -1 -2.0827429999999999e-09 1 0 1 2.0827429999999999e-09 0 3.000000000003666
1 -17.779335514023842 -3.131543307883931 0 -0.70710678118723502 -0.7071067811858599 0 
2 -18.330878803353698 -2.5800000185586209 0 0 0 -1 -0.70710678118946257 0.70710678118363257 0 0.70710678118363257 0.70710678118946257 0 0.77999999999889302
1 -20.500000108081622 -1.7999992370528159 0 0.99999999999993505 -3.6028688500000003e-07 0 
2 -20.500000000001819 -1.499999237053089 0 0 0 1 -1 0 0 0 -1 0 0.30000000000285298
1 -20.799999999999272 -0.79999999999017701 0 0 -1 0 
2 -20 -0.79999999999017701 0 0 0 1 0 1 0 -1 0 0 0.80000000000168803
1 -6.750000000001819 0 0 -1 0 0 
2 -6.750000000001819 -0.79999999999017701 0 0 0 1 1 0 -0 -0 1 0 0.80000000000168803
1 -5.9500000000025466 -1.499999237053089 0 0 1 0 
2 -6.2500000000136424 -1.499999237053089 0 0 0 1 3.6035695900000001e-07 -0.99999999999993505 0 0.99999999999993505 3.6035695900000001e-07 -0 0.30000000000285298
1 -8.419121477668341 -1.800000018558876 0 0.99999999999993505 3.6028688500000003e-07 0 
2 -8.4191211966435731 -2.5800000185586209 0 0 0 -1 3.6028816400000007e-07 -0.99999999999993516 0 -0.99999999999993516 -3.6028816400000007e-07 -0 0.78000000000599801
1 -6.6308874551896224 -5.4713203386768328 0 -0.70710678118517301 0.70710678118792203 0 
2 -4.5095671116268932 -3.349999995105009 0 0 0 -1 0.70710678118503201 0.70710678118806303 0 0.70710678118806303 -0.70710678118503201 0 3.000000000014325
1 -2.2404328993388849 -6.3499999998384737 0 -1 2.0802110000000001e-09 0 
2 -2.2404328930906559 -3.34999999986394 0 0 0 -1 2.0827429999999999e-09 1 0 1 -2.0827429999999999e-09 0 2.9999999999752438
1 2.2206644799325659 -3.1315433139275228 0 -0.70710678118620396 -0.70710678118689108 0 
2 1.669121190611804 -2.580000024604487 0 0 0 -1 -0.70710678118509007 0.70710678118800507 0 0.70710678118800507 0.70710678118509007 0 0.77999999999889302
1 -0.500000108918357 -1.7999992370528159 0 0.99999999999993405 -3.6307307900000003e-07 0 
2 -0.50000000000181899 -1.499999237053089 0 0 0 1 -1 0 0 0 -1 0 0.30000000000285298
1 -0.79999999999927196 -0.79999999999017701 0 0 -1 0 
2 0 -0.79999999999017701 0 0 0 1 0 1 0 -1 0 0 0.80000000000168803
1 13.249999999998181 0 0 -1 0 0 
2 13.249999999998181 -0.79999999999017701 0 0 0 1 1 0 -0 -0 1 0 0.79999999999813498
1 14.049999999997453 -1.499999237053089 0 0 1 0 
2 13.749999999986358 -1.499999237053089 0 0 0 1 3.6035695900000001e-07 -0.99999999999993505 0 0.99999999999993505 3.6035695900000001e-07 -0 0.30000000000285298
1 11.580878522331659 -1.800000018558876 0 0.99999999999993505 3.6028688500000003e-07 0 
2 11.580878803356427 -2.5800000185586209 0 0 0 -1 3.6028816400000007e-07 -0.99999999999993516 0 -0.99999999999993516 -3.6028816400000007e-07 -0 0.78000000000244496
1 13.369112544810378 -5.4713203386768328 0 -0.70710678118517301 0.70710678118792203 0 
2 15.490432888373107 -3.349999995105009 0 0 0 -1 0.70710678118503201 0.70710678118806303 0 0.70710678118806303 -0.70710678118503201 0 3.000000000014325
1 17.759567100661116 -6.3499999998384737 0 -1 2.0802110000000001e-09 0 
2 17.759567106913892 -3.34999999986394 0 0 0 -1 2.0842590000000001e-09 1 0 1 -2.0842590000000001e-09 0 2.9999999999752438
1 22.220664479932566 -3.1315433139275228 0 -0.70710678118757808 -0.70710678118551706 0 
2 21.669121190611804 -2.580000024604487 0 0 0 -1 -0.70710678118509007 0.70710678118800507 0 0.70710678118800507 0.70710678118509007 0 0.77999999999889302
1 19.499999891081643 -1.7999992370528159 0 0.99999999999993405 -3.6307307900000003e-07 0 
2 19.499999999998181 -1.499999237053089 0 0 0 1 -1 0 0 0 -1 0 0.30000000000640598
1 19.200000000000728 -0.79999999999017701 0 0 -1 0 
2 20 -0.79999999999017701 0 0 0 1 0 1 0 -1 0 0 0.80000000000168803
1 24.625000000000909 0 0 -1 0 0 
2 24.625000000000909 -1.999999999998181 0 0 0 1 1 0 -0 -0 1 0 1.999999999998892
1 26.624999999999091 -6.6249999999990914 0 0 1 0 
2 25.824999999999818 -6.625000000003638 0 0 0 1 0 -1 0 1 0 -0 0.79999999999103
1 25.125000762936907 -7.4249999999915417 0 1 0 0 
2 25.125000762936907 -7.1249999999986358 0 0 0 1 -0.99999999999993516 -3.6027358900000003e-07 0 3.6027358900000003e-07 -0.99999999999993516 0 0.299999999995748
1 24.824999981433393 -4.9558785223234736 0 3.6028688500000003e-07 -0.99999999999993505 0 
2 24.044999981433648 -4.9558788033482424 0 0 0 -1 -0.99999999999993516 -3.6028816400000007e-07 -0 -3.6028816400000007e-07 0.99999999999993516 0 0.78000000000244496
1 21.153679661315437 -6.7441125448112871 0 0.70710678118654757 0.70710678118654757 0 
2 23.275000004869071 -8.8654328883671951 0 0 0 -1 0.70710678118616899 -0.70710678118692605 0 -0.70710678118692605 -0.70710678118616899 -0 2.9999999999894551
1 20.275000000160617 -11.13456710065293 0 2.0802110000000001e-09 1 0 
2 23.275000000144246 -11.134567106898885 0 0 0 -1 1 -2.0819849999999998e-09 0 -2.0819849999999998e-09 -1 -0 2.9999999999894551
1 23.493456686069294 -15.59566447992438 0 -0.70710678118654757 0.70710678118654757 0 
2 24.044999975399151 -15.044121190603619 0 0 0 -1 0.70710678119237802 0.70710678118071701 0 0.70710678118071701 -0.70710678119237802 0 0.77999999999889302
1 24.825000762939453 -12.874999891078005 0 -3.6307098300000005e-07 -0.99999999999993405 0 
2 25.125000762946001 -12.874999999999091 0 0 0 1 -3.0316490000000001e-11 1 0 -1 -3.0316490000000001e-11 0 0.30000000000640598
1 25.824999999999818 -12.574999999992542 0 -1 0 0 
2 25.824999999999818 -13.374999999991815 0 0 0 1 1 -8.5265130000000003e-12 0 8.5265130000000003e-12 1 -0 0.79999999999813498
1 26.624999999999091 -17.999999999999545 0 0 1 0 
2 3.2750000048690708 -8.8654328883671951 0 0 0 1 0.70710678118616899 -0.70710678118692605 0 0.70710678118692605 0.70710678118616899 -0 2.9999999999894551
1 0.27500000488089399 -8.8654328821280615 0 -2.0802110000000001e-09 -1 0 
2 3.2750000001442459 -11.134567106898885 0 0 0 1 1 -2.0819849999999998e-09 0 2.0819849999999998e-09 1 -0 2.9999999999859028
1 1.1536796565951599 -13.255887450450244 0 0.70710678340614497 -0.70710677896695007 0 
2 6.6250000254785846 -15.898780669110693 0 0 0 1 0.70710678118597903 0.70710678118711601 -0 -0.70710678118711601 0.70710678118597903 0 2.0000000000024438
1 8.0392135878491882 -17.312994231488116 0 0.70710677896496799 0.70710678340812705 0 
2 9.974999999872125 -11.134567106898885 0 0 0 1 -0.70710678118162107 0.70710678119147408 0 -0.70710678119147408 -0.70710678118162107 0 2.9999999999752438
1 12.974999999846659 -11.13456710065293 0 -2.0822149999999999e-09 1 0 
2 9.9749999951473001 -8.8654328883671951 0 0 0 1 -1 -2.079711e-09 0 2.079711e-09 -1 0 2.9999999999752438
1 12.096320338682746 -6.7441125448112871 0 -0.707106782756038 0.70710677961705704 0 
2 6.6249999819910954 -4.1012193308733913 0 0 0 1 -0.70710678118597903 -0.70710678118711601 0 0.70710678118711601 -0.70710678118597903 0 1.999999999998892
1 5.2107864196113951 -2.6870057685005122 0 -0.70710677961666057 -0.70710678275643468 0 
2 -16.724999995130929 -8.8654328883671951 0 0 0 1 0.70710678118616899 -0.70710678118692605 0 0.70710678118692605 0.70710678118616899 -0 2.9999999999859028
1 -19.724999995119106 -8.8654328821280615 0 -2.0842190000000002e-09 -1 0 
2 -16.724999999855754 -11.134567106898885 0 0 0 1 1 -2.0819849999999998e-09 0 2.0819849999999998e-09 1 -0 2.9999999999894551
1 -18.846320343404841 -13.255887450450246 0 0.70710678340614497 -0.70710677896695007 0 
2 -13.374999974521415 -15.898780669110693 0 0 0 1 0.70710678118597903 0.70710678118711601 -0 -0.70710678118711601 0.70710678118597903 0 2.0000000000024438
1 -11.96078641215081 -17.312994231488119 0 0.70710677896496787 0.70710678340812705 0 
2 -10.025000000127875 -11.134567106898885 0 0 0 1 -0.70710678118162107 0.70710678119147408 0 -0.70710678119147408 -0.70710678118162107 0 2.9999999999752438
1 -7.0250000001533408 -11.13456710065293 0 -2.0822149999999999e-09 1 0 
2 -10.0250000048527 -8.8654328883671951 0 0 0 1 -1 -2.079711e-09 0 2.079711e-09 -1 0 2.9999999999752438
1 -7.9036796613172546 -6.7441125448112862 0 -0.707106782756038 0.70710677961705704 0 
2 -13.375000018008905 -4.1012193308733913 0 0 0 1 -0.70710678118597903 -0.70710678118711601 0 0.70710678118711601 -0.70710678118597903 0 1.999999999998892
1 -14.789213580388605 -2.6870057685005131 0 -0.70710677961666102 -0.70710678275643402 0 
2 16.624999999999091 -10 0 0 0 1 -1 0 0 0 -1 0 2.1500000000003179
2 -23.375000000000909 -10 0 0 0 1 -1 0 0 0 -1 0 2.1500000000003179
2 -3.3750000000009099 -10 0 0 0 1 -1 0 0 0 -1 0 2.1500000000003179
Polygon3D 0
PolygonOnTriangulations 0
Surfaces 164
1 -3.375000000001426 -9.9999999994603357 0 0 0 1 1 0 -0 -0 1 0 
2 24.625000000000909 -17.999999999999545 0 0 0 1 0 -1 0 1 0 -0 1.999999999998892
1 24.625000000000909 -20 0 0 -1 0 0 0 -1 1 0 0 
2 20 -19.199999999991633 0 0 0 1 -1 -1.1368680000000001e-11 0 1.1368680000000001e-11 -1 0 0.80000000000524096
1 19.200000000000728 -19.200000000000728 0 -1 0 0 0 0 1 0 1 -0 
2 19.499999999998181 -18.500000762930995 0 0 0 1 -3.6029632600000003e-07 0.99999999999993516 0 -0.99999999999993516 -3.6029632600000003e-07 0 0.29999999999930099
1 19.499999891909283 -18.200000762931268 0 -3.6028898200000007e-07 0.99999999999993516 0 0 0 1 0.99999999999993516 3.6028898200000007e-07 -0 
2 21.669121196646302 -17.419999981418641 0 0 0 1 -3.6029399400000004e-07 0.99999999999993516 0 -0.99999999999993516 -3.6029399400000004e-07 0 0.77999999999889302
1 22.220664485976158 -16.868456692102427 0 -0.70710678118483006 -0.70710678118826509 0 0 0 1 -0.70710678118826509 0.70710678118483006 0 
2 17.759567111629622 -16.650000004856338 0 0 0 1 -0.70710678118806303 -0.70710678118503201 0 0.70710678118503201 -0.70710678118806303 0 2.9999999999859028
1 17.759567117868755 -13.650000004872709 0 -2.0842190000000002e-09 -1 0 -0 0 -1 1 -2.0842190000000002e-09 -0 
2 15.490432893102479 -16.650000000142882 0 0 0 1 -2.0781950000000002e-09 -1 0 1 -2.0781950000000002e-09 0 2.9999999999965601
1 13.36911254953975 -14.528679656591521 0 0.70710678118586001 -0.70710678118723502 0 0 0 -1 0.70710678118723502 0.70710678118586001 0 
2 11.580878809386377 -17.419999975390965 0 0 0 1 0.70710678118071701 -0.70710678119237802 0 0.70710678119237802 0.70710678118071701 -0 0.77999999999889302
1 11.580878526197012 -18.199999975388437 0 3.6307307900000003e-07 0.99999999999993416 0 0 -0 1 0.99999999999993416 -3.6307307900000003e-07 -0 
2 13.75 -18.500000762930995 0 0 0 1 1 0 -0 -0 1 0 0.299999999995748
1 14.049999999997453 -18.500000762930995 0 1 0 0 0 0 -1 -0 1 0 
2 13.249999999998181 -19.200000000000728 0 0 0 1 0 -1 0 1 0 -0 0.80000000000168803
1 13.249999999998181 -20 0 0 -1 0 0 0 -1 1 0 0 
2 0 -19.199999999991633 0 0 0 1 -1 -1.1368680000000001e-11 0 1.1368680000000001e-11 -1 0 0.80000000000524096
1 -0.79999999999927196 -19.200000000000728 0 -1 0 0 0 0 1 0 1 -0 
2 -0.50000000000181899 -18.500000762930995 0 0 0 1 -3.6026601000000007e-07 0.99999999999993516 0 -0.99999999999993516 -3.6026601000000007e-07 0 0.29999999999930099
1 -0.50000010808162199 -18.200000762931268 0 -3.6028898200000007e-07 0.99999999999993516 0 0 0 1 0.99999999999993516 3.6028898200000007e-07 -0 
2 1.669121196646302 -17.419999981418641 0 0 0 1 -3.6029399400000004e-07 0.99999999999993516 0 -0.99999999999993516 -3.6029399400000004e-07 0 0.77999999999889302
1 2.2206644859761582 -16.868456692102427 0 -0.70710678118483006 -0.70710678118826509 0 0 0 1 -0.70710678118826509 0.70710678118483006 0 
2 -2.2404328883703779 -16.650000004856338 0 0 0 1 -0.70710678118806303 -0.70710678118503201 0 0.70710678118503201 -0.70710678118806303 0 2.9999999999823501
1 -2.2404328821312451 -13.65000000487953 0 -2.0872250000000001e-09 -1 0 -0 0 -1 1 -2.0872250000000001e-09 -0 
2 -4.5095671068975207 -16.650000000142882 0 0 0 1 -2.079711e-09 -1 0 1 -2.079711e-09 0 2.9999999999965601
1 -6.63088745046025 -14.528679656591521 0 0.70710678118654757 -0.70710678118654757 0 0 0 -1 0.70710678118654757 0.70710678118654757 0 
2 -8.4191211906136232 -17.419999975390965 0 0 0 1 0.70710678117780201 -0.70710678119529302 0 0.70710678119529302 0.70710678117780201 -0 0.77999999999889302
1 -8.4191214738029885 -18.199999975388437 0 3.6307307900000003e-07 0.99999999999993416 0 0 -0 1 0.99999999999993416 -3.6307307900000003e-07 -0 
2 -6.25 -18.500000762930995 0 0 0 1 1 0 -0 -0 1 0 0.299999999995748
1 -5.9500000000025466 -18.500000762930995 0 1 0 0 0 0 -1 -0 1 0 
2 -6.750000000001819 -19.200000000000728 0 0 0 1 0 -1 0 1 0 -0 0.79999999999813498
1 -6.750000000001819 -20 0 1.716028e-13 -1 0 0 0 -1 1 1.716028e-13 0 
2 -20 -19.200000000000728 0 0 0 1 -1 1.1368680000000001e-11 0 -1.1368680000000001e-11 -1 0 0.80000000000524096
1 -20.799999999999272 -19.199999999991633 0 -1 0 0 0 0 1 0 1 -0 
2 -20.500000000001819 -18.500000762930995 0 0 0 1 -3.6305512700000003e-07 0.99999999999993416 0 -0.99999999999993416 -3.6305512700000003e-07 0 0.29999999999930099
1 -20.500000108918357 -18.200000762931268 0 -3.6307517600000007e-07 0.99999999999993416 0 0 0 1 0.99999999999993416 3.6307517600000007e-07 -0 
2 -18.330878809397291 -17.419999975390965 0 0 0 1 -3.6306911900000007e-07 0.99999999999993416 0 -0.99999999999993416 -3.6306911900000007e-07 0 0.77999999999889302
1 -17.779335520067434 -16.868456686061108 0 -0.70710678118654757 -0.70710678118654757 0 0 0 1 -0.70710678118654757 0.70710678118654757 0 
2 -22.240432893086108 -16.650000000124692 0 0 0 1 -0.70710678118920001 -0.70710678118389503 0 0.70710678118389503 -0.70710678118920001 0 2.999999999971692
1 -22.240432899338884 -13.650000000152431 0 2.0802110000000001e-09 -1 0 0 0 -1 1 2.0802110000000001e-09 0 
2 -24.509567111626893 -16.650000004865433 0 0 0 1 2.079711e-09 -1 0 1 2.079711e-09 -0 2.999999999996561
1 -26.630887455189622 -14.528679661316346 0 0.70710678118689108 -0.70710678118620407 0 0 0 -1 0.70710678118620407 0.70710678118689108 0 
2 -28.419121196643573 -17.419999981418641 0 0 0 1 0.70710678119529302 -0.70710678117780201 0 0.70710678117780201 0.70710678119529302 -0 0.78000000000244496
1 -28.419121477681983 -18.199999981425208 0 3.6028688500000003e-07 0.99999999999993516 0 0 -0 1 0.99999999999993516 -3.6028688500000003e-07 -0 
2 -26.25 -18.500000762930995 0 0 0 1 1 0 -0 -0 1 0 0.29999999999930099
1 -25.950000000002547 -18.500000762930995 0 1 0 0 0 0 -1 -0 1 0 
2 -26.750000000001819 -19.199999999991633 0 0 0 1 0 -1 0 1 0 -0 0.80000000000168803
1 -26.750000000001819 -20 0 0 -1 0 0 0 -1 1 0 0 
2 -31.375000000002728 -17.999999999999545 0 0 0 1 -1 0 0 0 -1 0 1.999999999995338
1 -33.375000000000909 -17.999999999999545 0 -1 0 0 0 0 1 0 1 -0 
2 -32.575000000001637 -13.374999999991815 0 0 0 1 0 1 0 -1 0 0 0.79999999999813498
1 -32.575000000001637 -12.574999999992542 0 9.7445969999999994e-12 1 0 0 -0 1 1 -9.7445969999999994e-12 -0 
2 -31.875000762938726 -12.874999999999091 0 0 0 1 0.99999999999993416 3.6307028500000006e-07 -0 -3.6307028500000006e-07 0.99999999999993416 0 0.30000000000285398
1 -31.575000762941272 -12.874999891078005 0 0.99999999999993416 3.6306888600000007e-07 0 0 0 -1 -3.6306888600000007e-07 0.99999999999993416 0 
2 -30.79499997540097 -15.044121190603619 0 0 0 1 0.99999999999993416 3.6306911900000007e-07 -0 -3.6306911900000007e-07 0.99999999999993416 0 0.77999999999889302
1 -30.243456686066565 -15.59566447992438 0 -0.70710678118757808 0.70710678118551706 0 0 0 1 0.70710678118551706 0.70710678118757808 -0 
2 -30.025000000150612 -11.134567106892064 0 0 0 1 -0.70710678118313708 0.70710678118995807 0 -0.70710678118995807 -0.70710678118313708 0 2.9999999999965601
1 -27.025000000153341 -11.13456710065293 0 -1 -2.0822149999999999e-09 0 0 0 1 -2.0822149999999999e-09 1 0 
2 -30.0250000048527 -8.8654328883671951 0 0 0 1 -1 -2.079711e-09 0 2.079711e-09 -1 0 2.9999999999752438
1 -27.903679661317256 -6.7441125448112871 0 -0.707106781184486 -0.70710678118860903 0 0 0 1 -0.70710678118860903 0.707106781184486 0 
2 -30.794999981440014 -4.9558788033482424 0 0 0 1 -0.70710678118946302 -0.70710678118363202 0 0.70710678118363202 -0.70710678118946302 0 0.77999999999889302
1 -31.574999981430665 -4.9558785223234736 0 0.99999999999993516 -3.6028688500000003e-07 0 0 0 -1 3.6028688500000003e-07 0.99999999999993516 0 
2 -31.875000762938726 -7.1249999999986358 0 0 0 1 0 -1 0 1 0 -0 0.29999999999930099
1 -31.875000762938726 -7.4249999999915417 0 0 -1 0 0 0 -1 1 0 0 
2 -32.575000000010732 -6.625000000003638 0 0 0 1 -1 5.6843419999999999e-12 0 -5.6843419999999999e-12 -1 0 0.79999999999103
1 -33.375000000000909 -6.6249999999990914 0 -1 0 0 0 0 1 0 1 -0 
2 -31.375000000002728 -1.999999999998181 0 0 0 1 0 1 0 -1 0 0 2.0000000000024438
1 -31.375000000002728 0 0 0 1 0 0 -0 1 1 0 -0 
2 -26.750000000001819 -0.79999999999017701 0 0 0 1 1 0 -0 -0 1 0 0.79999999999813498
1 -25.950000000002547 -0.79999999999017701 0 1 0 0 0 0 -1 -0 1 0 
2 -26.25 -1.499999237053089 0 0 0 1 3.6305512700000003e-07 -0.99999999999993416 0 0.99999999999993416 3.6305512700000003e-07 -0 0.30000000000285298
1 -26.249999891083462 -1.7999992370528159 0 3.6307622400000006e-07 -0.99999999999993416 0 0 0 -1 0.99999999999993416 3.6307622400000006e-07 0 
2 -28.419121190613623 -2.580000024604487 0 0 0 1 3.6306328900000004e-07 -0.99999999999993416 0 0.99999999999993416 3.6306328900000004e-07 -0 0.77999999999533998
1 -28.970664479929837 -3.1315433139275228 0 0.70710678118689108 0.70710678118620407 0 0 0 -1 -0.70710678118620407 0.70710678118689108 0 
2 -24.509567106897521 -3.3499999998275598 0 0 0 1 0.70710678118503201 0.70710678118806303 -0 -0.70710678118806303 0.70710678118503201 0 3.0000000000107718
1 -24.509567100658387 -6.3499999998384737 0 -2.0802110000000001e-09 1 0 0 0 1 1 2.0802110000000001e-09 -0 
2 -22.240432888379473 -3.349999995118651 0 0 0 1 -2.0827429999999999e-09 1 0 -1 -2.0827429999999999e-09 0 3.000000000003666
1 -20.119112544821292 -5.4713203386768328 0 -0.70710678118586001 0.70710678118723502 0 0 0 1 0.70710678118723502 0.70710678118586001 -0 
2 -18.330878803353698 -2.5800000185586209 0 0 0 1 -0.70710678118946257 0.70710678118363257 0 -0.70710678118363257 -0.70710678118946257 0 0.77999999999889302
1 -18.330878522324383 -1.800000018558876 0 -3.6028688500000003e-07 -0.99999999999993516 0 -0 0 -1 0.99999999999993516 -3.6028688500000003e-07 -0 
2 -20.500000000001819 -1.499999237053089 0 0 0 1 -1 0 0 0 -1 0 0.30000000000285298
1 -20.799999999999272 -1.499999237053089 0 -1 0 0 0 0 1 0 1 -0 
2 -20 -0.79999999999017701 0 0 0 1 0 1 0 -1 0 0 0.80000000000168803
1 -20 0 0 0 1 0 0 -0 1 1 0 -0 
2 -6.750000000001819 -0.79999999999017701 0 0 0 1 1 0 -0 -0 1 0 0.80000000000168803
1 -5.9500000000025466 -0.79999999999017701 0 1 0 0 0 0 -1 -0 1 0 
2 -6.2500000000136424 -1.499999237053089 0 0 0 1 3.6035695900000001e-07 -0.99999999999993505 0 0.99999999999993505 3.6035695900000001e-07 -0 0.30000000000285298
1 -6.2499998919065547 -1.7999992370528159 0 3.6028688500000003e-07 -0.99999999999993516 0 0 0 -1 0.99999999999993516 3.6028688500000003e-07 0 
2 -8.4191211966435731 -2.5800000185586209 0 0 0 1 3.6028816400000007e-07 -0.99999999999993516 0 0.99999999999993516 3.6028816400000007e-07 -0 0.78000000000599801
1 -8.9706644859734297 -3.131543307883931 0 0.70710678118792203 0.70710678118517301 0 0 0 -1 -0.70710678118517301 0.70710678118792203 0 
2 -4.5095671116268932 -3.349999995105009 0 0 0 1 0.70710678118503201 0.70710678118806303 -0 -0.70710678118806303 0.70710678118503201 0 3.0000000000143259
1 -4.5095671178660268 -6.3499999951181962 0 2.0802110000000001e-09 1 0 0 -0 1 1 -2.0802110000000001e-09 -0 
2 -2.2404328930906559 -3.34999999986394 0 0 0 1 2.0827429999999999e-09 1 -0 -1 2.0827429999999999e-09 0 2.9999999999752438
1 -0.11911254953702199 -5.471320343399384 0 -0.70710678118689108 0.70710678118620407 0 0 0 1 0.70710678118620407 0.70710678118689108 -0 
2 1.669121190611804 -2.580000024604487 0 0 0 1 -0.70710678118509007 0.70710678118800507 0 -0.70710678118800507 -0.70710678118509007 0 0.77999999999889302
1 1.669121473796622 -1.8000000246024681 0 -3.6307307900000003e-07 -0.99999999999993416 0 -0 0 -1 0.99999999999993416 -3.6307307900000003e-07 -0 
2 -0.50000000000181899 -1.499999237053089 0 0 0 1 -1 0 0 0 -1 0 0.30000000000285298
1 -0.79999999999927196 -1.499999237053089 0 -1 0 0 0 0 1 0 1 -0 
2 0 -0.79999999999017701 0 0 0 1 0 1 0 -1 0 0 0.80000000000168803
1 0 0 0 0 1 0 0 -0 1 1 0 -0 
2 13.249999999998181 -0.79999999999017701 0 0 0 1 1 0 -0 -0 1 0 0.79999999999813498
1 14.049999999997453 -0.79999999999017701 0 1 0 0 0 0 -1 -0 1 0 
2 13.749999999986358 -1.499999237053089 0 0 0 1 3.6035695900000001e-07 -0.99999999999993505 0 0.99999999999993505 3.6035695900000001e-07 -0 0.30000000000285298
1 13.750000108093445 -1.7999992370528159 0 3.6028688500000003e-07 -0.99999999999993516 0 0 0 -1 0.99999999999993516 3.6028688500000003e-07 0 
2 11.580878803356427 -2.5800000185586209 0 0 0 1 3.6028816400000007e-07 -0.99999999999993516 0 0.99999999999993516 3.6028816400000007e-07 -0 0.78000000000244496
1 11.02933551402657 -3.131543307883931 0 0.70710678118792203 0.70710678118517301 0 0 0 -1 -0.70710678118517301 0.70710678118792203 0 
2 15.490432888373107 -3.349999995105009 0 0 0 1 0.70710678118503201 0.70710678118806303 -0 -0.70710678118806303 0.70710678118503201 0 3.0000000000143259
1 15.490432882133973 -6.3499999951181962 0 2.0802110000000001e-09 1 0 0 -0 1 1 -2.0802110000000001e-09 -0 
2 17.759567106913892 -3.34999999986394 0 0 0 1 2.0842590000000001e-09 1 -0 -1 2.0842590000000001e-09 0 2.9999999999752438
1 19.880887450453884 -5.471320343399384 0 -0.70710678118551706 0.70710678118757808 0 0 0 1 0.70710678118757808 0.70710678118551706 -0 
2 21.669121190611804 -2.580000024604487 0 0 0 1 -0.70710678118509007 0.70710678118800507 0 -0.70710678118800507 -0.70710678118509007 0 0.77999999999889302
1 21.669121473796622 -1.8000000246024681 0 -3.6307307900000003e-07 -0.99999999999993416 0 -0 0 -1 0.99999999999993416 -3.6307307900000003e-07 -0 
2 19.499999999998181 -1.499999237053089 0 0 0 1 -1 0 0 0 -1 0 0.30000000000640598
1 19.200000000000728 -1.499999237053089 0 -1 0 0 0 0 1 0 1 -0 
2 20 -0.79999999999017701 0 0 0 1 0 1 0 -1 0 0 0.80000000000168803
1 20 0 0 0 1 0 0 -0 1 1 0 -0 
2 24.625000000000909 -1.999999999998181 0 0 0 1 1 0 -0 -0 1 0 1.999999999998892
1 26.624999999999091 -1.999999999998181 0 1 0 0 0 0 -1 -0 1 0 
2 25.824999999999818 -6.625000000003638 0 0 0 1 0 -1 0 1 0 -0 0.79999999999103
1 25.824999999999818 -7.4249999999915417 0 0 -1 0 0 0 -1 1 0 0 
2 25.125000762936907 -7.1249999999986358 0 0 0 1 -0.99999999999993516 -3.6027358900000003e-07 0 3.6027358900000003e-07 -0.99999999999993516 0 0.299999999995748
1 24.825000762939453 -7.1250001080807124 0 -0.99999999999993516 -3.6028688500000003e-07 0 0 0 1 -3.6028688500000003e-07 0.99999999999993516 0 
2 24.044999981433648 -4.9558788033482424 0 0 0 1 -0.99999999999993516 -3.6028816400000007e-07 0 3.6028816400000007e-07 -0.99999999999993516 0 0.78000000000244496
1 23.493456692108339 -4.4043355140183849 0 0.70710678118654757 -0.70710678118654757 0 0 0 -1 0.70710678118654757 0.70710678118654757 0 
2 23.275000004869071 -8.8654328883671951 0 0 0 1 0.70710678118616899 -0.70710678118692605 0 0.70710678118692605 0.70710678118616899 -0 2.9999999999894551
1 20.275000004880894 -8.8654328821280615 0 1 -2.0802110000000001e-09 0 0 0 -1 2.0802110000000001e-09 1 0 
2 23.275000000144246 -11.134567106898885 0 0 0 1 1 -2.0819849999999998e-09 0 2.0819849999999998e-09 1 -0 2.9999999999894551
1 21.153679656595159 -13.255887450450246 0 0.70710678118654757 0.70710678118654757 0 0 0 -1 -0.70710678118654757 0.70710678118654757 0 
2 24.044999975399151 -15.044121190603619 0 0 0 1 0.70710678119237802 0.70710678118071701 -0 -0.70710678118071701 0.70710678119237802 0 0.77999999999889302
1 24.824999975394348 -15.044121473797532 0 -0.99999999999993416 3.6307098300000005e-07 0 0 0 1 3.6307098300000005e-07 0.99999999999993416 -0 
2 25.125000762946001 -12.874999999999091 0 0 0 1 -3.0316490000000001e-11 1 0 -1 -3.0316490000000001e-11 0 0.30000000000640598
1 25.125000762936907 -12.574999999992542 0 0 1 0 0 -0 1 1 0 -0 
2 25.824999999999818 -13.374999999991815 0 0 0 1 1 -8.5265130000000003e-12 0 8.5265130000000003e-12 1 -0 0.79999999999813498
1 26.624999999999091 -13.374999999998636 0 1 0 0 0 0 -1 -0 1 0 
2 3.2750000048690708 -8.8654328883671951 0 0 0 1 0.70710678118616899 -0.70710678118692605 0 0.70710678118692605 0.70710678118616899 -0 2.9999999999894551
1 0.27500000016061699 -11.13456710065293 0 -1 2.0802110000000001e-09 0 0 0 1 2.0802110000000001e-09 1 -0 
2 3.2750000001442459 -11.134567106898885 0 0 0 1 1 -2.0819849999999998e-09 0 2.0819849999999998e-09 1 -0 2.9999999999859028
1 5.2107864631034317 -17.312994231488119 0 -0.70710677896694951 -0.70710678340614552 0 0 0 1 -0.70710678340614552 0.70710677896694951 0 
2 6.6250000254785846 -15.898780669110693 0 0 0 1 0.70710678118597903 0.70710678118711601 -0 -0.70710678118711601 0.70710678118597903 0 2.0000000000024438
1 12.096320343393927 -13.255887450450246 0 0.70710678340812705 -0.70710677896496799 0 0 0 -1 0.70710677896496799 0.70710678340812705 0 
2 9.974999999872125 -11.134567106898885 0 0 0 1 -0.70710678118162107 0.70710678119147408 0 -0.70710678119147408 -0.70710678118162107 0 2.9999999999752438
1 12.974999995121834 -8.8654328821280615 0 1 2.0822149999999999e-09 0 0 0 -1 -2.0822149999999999e-09 1 0 
2 9.9749999951473001 -8.8654328883671951 0 0 0 1 -1 -2.079711e-09 0 2.079711e-09 -1 0 2.9999999999752438
1 8.0392135443617008 -2.6870057685005122 0 0.70710677961705704 0.707106782756038 0 0 0 -1 -0.707106782756038 0.70710677961705704 0 
2 6.6249999819910954 -4.1012193308733913 0 0 0 1 -0.70710678118597903 -0.70710678118711601 0 0.70710678118711601 -0.70710678118597903 0 1.999999999998892
1 1.153679661315437 -6.7441125448112871 0 -0.70710678275643502 0.70710677961666002 0 0 0 1 0.70710677961666002 0.70710678275643502 -0 
2 -16.724999995130929 -8.8654328883671951 0 0 0 1 0.70710678118616899 -0.70710678118692605 0 0.70710678118692605 0.70710678118616899 -0 2.9999999999859028
1 -19.724999999848478 -11.13456710065293 0 -1 2.0842190000000002e-09 0 0 0 1 2.0842190000000002e-09 1 -0 
2 -16.724999999855754 -11.134567106898885 0 0 0 1 1 -2.0819849999999998e-09 0 2.0819849999999998e-09 1 -0 2.9999999999894551
1 -14.789213536896568 -17.312994231488119 0 -0.70710677896694951 -0.70710678340614552 0 0 0 1 -0.70710678340614552 0.70710677896694951 0 
2 -13.374999974521415 -15.898780669110693 0 0 0 1 0.70710678118597903 0.70710678118711601 -0 -0.70710678118711601 0.70710678118597903 0 2.0000000000024438
1 -7.903679656606073 -13.255887450450246 0 0.70710678340812705 -0.70710677896496799 0 0 0 -1 0.70710677896496799 0.70710678340812705 0 
2 -10.025000000127875 -11.134567106898885 0 0 0 1 -0.70710678118162107 0.70710678119147408 0 -0.70710678119147408 -0.70710678118162107 0 2.9999999999752438
1 -7.0250000048781658 -8.8654328821280615 0 1 2.0822149999999999e-09 0 0 0 -1 -2.0822149999999999e-09 1 0 
2 -10.0250000048527 -8.8654328883671951 0 0 0 1 -1 -2.079711e-09 0 2.079711e-09 -1 0 2.9999999999752438
1 -11.960786455638299 -2.6870057685005122 0 0.70710677961705704 0.707106782756038 0 0 0 -1 -0.707106782756038 0.70710677961705704 0 
2 -13.375000018008905 -4.1012193308733913 0 0 0 1 -0.70710678118597903 -0.70710678118711601 0 0.70710678118711601 -0.70710678118597903 0 1.999999999998892
1 -18.846320338684563 -6.7441125448112871 0 -0.70710678275643502 0.70710677961666002 0 0 0 1 0.70710677961666002 0.70710678275643502 -0 
10 3.1415926535897931 9.4247779607693793 0 1000
2 16.624999999999091 -10 0 0 0 1 -1 0 0 0 -1 0 2.1500000000003179
10 3.1415926535897931 9.4247779607693793 0 1000
2 -23.375000000000909 -10 0 0 0 1 -1 0 0 0 -1 0 2.1500000000003179
10 3.1415926535897931 9.4247779607693793 0 1000
2 -3.3750000000009099 -10 0 0 0 1 -1 0 0 0 -1 0 2.1500000000003179
Triangulations 0

TShapes 333
Ve
1e-07
24.6250000000009 -20 0
0 0

0101101
*
Ve
1e-07
26.6249999999991 -17.9999999999995 0
0 0

0101101
*
Ed
 1e-07 1 1 0
1  1 0 0 1.5707963267949
2  1 2 0 0 1.5707963267949
4 C0 2 0 1 0
0

0101000
+333 0 -332 0 *
Ve
1e-07
20 -20 0
0 0

0101101
*
Ed
 1e-07 1 1 0
1  2 0 0 4.62500000000091
4 C0 3 0 1 0
0

0101000
+330 0 -333 0 *
Ve
1e-07
19.2000000000007 -19.2000000000007 0
0 0

0101101
*
Ed
 1e-07 1 1 0
1  3 0 0 1.57079632678353
2  2 4 0 0 1.57079632678353
4 C0 4 0 1 0
0

0101000
+328 0 -330 0 *
Ve
1e-07
19.2000000000007 -18.500000762931 0
0 0

0101101
*
Ed
 1e-07 1 1 0
1  4 0 0 0.699999237069733
4 C0 5 0 1 0
0

0101000
+326 0 -328 0 *
Ve
1e-07
19.4999998919093 -18.2000007629313 0
0 0

0101101
*
Ed
 1e-07 1 1 0
1  5 0 0 1.57079596649857
2  3 6 0 0 1.57079596649857
4 C0 6 0 1 0
0

0101000
+324 0 -326 0 *
Ve
1e-07
21.6691214776756 -18.1999999814207 0
0 0

0101101
*
Ed
 1e-07 1 1 0
1  6 0 0 2.16912158576647
4 C0 7 0 1 0
0

0101000
+322 0 -324 0 *
Ve
1e-07
22.2206644859762 -16.8684566921024 0
0 0

0101101
*
Ed
 1e-07 1 1 0
1  7 0 0.78539852370381 3.14159265358979
2  4 8 0 0.78539852370381 3.14159265358979
4 C0 8 0 1 0
0

0101000
+320 0 -322 0 *
Ve
1e-07
19.8808874551787 -14.5286796613163 0
0 0

0101101
*
Ed
 1e-07 1 1 0
1  8 0 0 3.30894440987477
4 C0 9 0 1 0
0

0101000
+318 0 -320 0 *
Ve
1e-07
17.7595671178688 -13.6500000048727 0
0 0

0101101
*
Ed
 1e-07 1 1 0
1  9 0 2.35619449226991 3.14159265358979
2  5 10 0 2.35619449226991 3.14159265358979
4 C0 10 0 1 0
0

0101000
+316 0 -318 0 *
Ve
1e-07
15.4904328993371 -13.6500000001433 0
0 0

0101101
*
Ed
 1e-07 1 1 0
1  10 0 0 2.26913421853169
4 C0 11 0 1 0
0

0101000
+314 0 -316 0 *
Ve
1e-07
13.3691125495398 -14.5286796565915 0
0 0

0101101
*
Ed
 1e-07 1 1 0
1  11 0 2.35619448811147 3.14159265358979
2  6 12 0 2.35619448811147 3.14159265358979
4 C0 12 0 1 0
0

0101000
+312 0 -314 0 *
Ve
1e-07
11.0293355200656 -16.8684566860611 0
0 0

0101101
*
Ed
 1e-07 1 1 0
1  12 0 0 3.30894440800814
4 C0 13 0 1 0
0

0101000
+310 0 -312 0 *
Ve
1e-07
11.580878526197 -18.1999999753884 0
0 0

0101101
*
Ed
 1e-07 1 1 0
1  13 0 0.785398526452492 3.14159265358979
2  7 14 0 0.785398526452492 3.14159265358979
4 C0 14 0 1 0
0

0101000
+308 0 -310 0 *
Ve
1e-07
13.7500001089165 -18.2000007629381 0
0 0

0101101
*
Ed
 1e-07 1 1 0
1  14 0 0 2.16912158271967
4 C0 15 0 1 0
0

0101000
+306 0 -308 0 *
Ve
1e-07
14.0499999999975 -18.500000762931 0
0 0

0101101
*
Ed
 1e-07 1 1 0
1  15 0 0 1.57079596373977
2  8 16 0 0 1.57079596373977
4 C0 16 0 1 0
0

0101000
+304 0 -306 0 *
Ve
1e-07
14.0499999999975 -19.1999999999916 0
0 0

0101101
*
Ed
 1e-07 1 1 0
1  16 0 0 0.699999237060638
4 C0 17 0 1 0
0

0101000
+302 0 -304 0 *
Ve
1e-07
13.2499999999982 -20 0
0 0

0101101
*
Ed
 1e-07 1 1 0
1  17 0 0 1.57079632680627
2  9 18 0 0 1.57079632680627
4 C0 18 0 1 0
0

0101000
+300 0 -302 0 *
Ve
1e-07
0 -20 0
0 0

0101101
*
Ed
 1e-07 1 1 0
1  18 0 0 13.2499999999982
4 C0 19 0 1 0
0

0101000
+298 0 -300 0 *
Ve
1e-07
-0.799999999999272 -19.2000000000007 0
0 0

0101101
*
Ed
 1e-07 1 1 0
1  19 0 0 1.57079632678353
2  10 20 0 0 1.57079632678353
4 C0 20 0 1 0
0

0101000
+296 0 -298 0 *
Ve
1e-07
