DBRep_DrawableShape

CASCADE Topology V1, (c) Matra-Datavision
Locations 0
Curve2ds 110
1 6.2831853071795862 0 -1 0 
1 6.2831853071795862 0 -1 0 
1 6.2831853071795862 0 -1 0 
1 6.2831853071795889 0 -1 0 
1 6.2831853071795862 0 -1 0 
1 0 0 1 0 
1 0 0 1 0 
1 0 0 1 0 
1 0 0 1 0 
1 6.2831853071795862 0 -1 0 
1 6.283185307179588 0 -1 0 
1 6.2831853071795862 0 -1 0 
1 6.2831853071795862 0 -1 0 
1 6.2831853071795845 0 -1 0 
1 6.2831853071795862 0 -1 0 
1 0 0 1 0 
1 0 0 1 0 
1 0 0 1 0 
1 0 0 1 0 
1 6.2831853071795862 0 -1 0 
1 6.2831853071795862 0 -1 0 
1 6.2831853071795862 0 -1 0 
1 6.2831853071795862 0 -1 0 
1 6.2831853071795827 0 -1 0 
1 6.2831853071795862 0 -1 0 
1 0 0 1 0 
1 0 0 1 0 
1 0 0 1 0 
1 0 0 1 0 
1 6.2831853071795862 0 -1 0 
1 6.2831853071795809 0 -1 0 
1 6.2831853071795862 0 -1 0 
1 6.2831853071795845 0 -1 0 
1 6.2831853071795898 0 -1 0 
1 6.2831853071795862 0 -1 0 
1 0 0 1 0 
1 0 0 1 0 
1 0 0 1 0 
1 0 0 1 0 
1 0 0 1 0 
1 6.2831853071795862 0 -1 0 
1 6.2831853071795836 0 -1 0 
1 6.2831853071795871 0 -1 0 
1 6.2831853071795862 0 -1 0 
1 6.2831853071795862 0 -1 0 
1 0 0 1 0 
1 0 0 1 0 
1 0 0 1 0 
1 0 0 1 0 
1 0 0 1 0 
1 6.2831853071795862 0 -1 0 
1 6.2831853071795898 0 -1 0 
1 6.2831853071795862 0 -1 0 
1 6.2831853071795862 0 -1 0 
1 6.2831853071795827 0 -1 0 
1 6.2831853071795862 0 -1 0 
1 0 0 1 0 
1 0 0 1 0 
1 0 0 1 0 
1 0 0 1 0 
1 6.2831853071795862 0 -1 0 
1 6.2831853071795862 0 -1 0 
1 6.2831853071795845 0 -1 0 
1 6.2831853071795862 0 -1 0 
1 6.2831853071795862 0 -1 0 
1 6.2831853071795862 0 -1 0 
1 0 0 1 0 
1 0 0 1 0 
1 0 0 1 0 
1 0 0 1 0 
1 6.2831853071795862 0 -1 0 
1 6.2831853071795862 0 -1 0 
1 6.2831853071795862 0 -1 0 
1 6.2831853071795862 0 -1 0 
1 6.2831853071795862 0 -1 0 
1 6.2831853071795862 0 -1 0 
1 0 0 1 0 
1 0 0 1 0 
1 0 0 1 0 
1 0 0 1 0 
1 6.2831853071795862 0 -1 0 
1 6.2831853071795862 0 -1 0 
1 6.2831853071795862 0 -1 0 
1 6.2831853071795862 0 -1 0 
1 6.2831853071795827 0 -1 0 
1 6.2831853071795862 0 -1 0 
1 0 0 1 0 
1 0 0 1 0 
1 0 0 1 0 
1 0 0 1 0 
1 0 0 1 0 
1 6.2831853071795862 0 -1 0 
1 6.2831853071795871 0 -1 0 
1 6.2831853071795871 0 -1 0 
1 6.2831853071795862 0 -1 0 
1 6.28318530717958 0 -1 0 
1 6.2831853071795862 0 -1 0 
1 0 0 1 0 
1 0 0 1 0 
1 0 0 1 0 
1 0 0 1 0 
1 0 0 1 0 
1 6.2831853071795862 0 -1 0 
1 0 0 1 0 
1 0 0 1 0 
1 0 0 1 0 
1 0 0 1 0 
1 0 0 1 0 
1 0 0 1 0 
1 0 0 1 0 
Curves 214
2 22.250000000000011 -17.206952098539151 0 0 0 -1 -1 0 0 0 1 0 0.499999999999998
1 19.989451250391316 -14.236533590427488 0 0.70673320478624935 -0.70748016032434236 0 
2 18.574490929742606 -15.649999999999995 0 0 0 -1 -0.70748016032434591 -0.70673320478624591 -0 -0.70673320478624591 0.70748016032434591 0 2.0000000000000191
1 15.462041021328904 -13.649999999999993 0 1 0 0 
2 15.462041021328904 -15.649999999999995 0 0 0 -1 0 -1 0 -1 -0 -0 2.0000000000000111
1 11.398586414858855 -16.853196026402067 0 0.71136064602489579 0.70282717028231267 0 
2 11.750000000000011 -17.208876349414517 0 0 0 -1 0.70282717028231179 -0.71136064602489679 0 -0.71136064602489679 -0.70282717028231179 -0 0.499999999999996
1 11.250000000000014 -17.699999999999982 0 0 1 0 
2 11.750000000000011 -17.699999999999978 0 0 0 -1 1 0 0 0 -1 0 0.500000000000004
1 14.000000000000007 -18.199999999999985 0 -1 0 0 
2 14.000000000000007 -18.699999999999982 0 0 0 1 1 0 -0 -0 1 0 0.500000000000004
1 14.500000000000014 -19.499999999999975 0 0 1 0 
2 14.000000000000007 -19.499999999999975 0 0 0 1 0 -1 0 1 0 -0 0.500000000000002
1 1.3322680000000001e-14 -20.000000000000004 0 1 0 0 
2 1.3322680000000001e-14 -19.499999999999986 0 0 0 1 -1 0 0 0 -1 0 0.500000000000002
1 -0.49999999999998501 -18.699999999999982 0 0 -1 0 
2 1.3322680000000001e-14 -18.699999999999992 0 0 0 1 0 1 0 -1 0 0 0.500000000000002
1 2.2500000000000102 -18.200000000000003 0 -1 0 0 
2 2.2500000000000102 -17.699999999999992 0 0 0 -1 0 1 0 1 -0 0 0.5
1 2.750000000000008 -17.206952098539166 0 0 -1 0 
2 2.2500000000000102 -17.206952098539162 0 0 0 -1 -1 0 0 0 1 0 0.499999999999994
1 -0.010548749608699001 -14.2365335904275 0 0.7067332047862519 -0.70748016032433991 0 
2 -1.4255090702573801 -15.649999999999986 0 0 0 -1 -0.70748016032434502 -0.70673320478624702 -0 -0.70673320478624702 0.70748016032434502 0 1.999999999999998
1 -4.5379589786711128 -13.649999999999999 0 1 0 0 
2 -4.5379589786711128 -15.649999999999991 0 0 0 -1 0 -1 0 -1 -0 -0 1.999999999999996
1 -8.6014135851411453 -16.853196026402095 0 0.71136064602489379 0.70282717028231478 0 
2 -8.2500000000000107 -17.208876349414531 0 0 0 -1 0.70282717028230268 -0.71136064602490567 0 -0.71136064602490567 -0.70282717028230268 -0 0.49999999999999201
1 -8.7499999999999964 -17.699999999999996 0 0 1 0 
2 -8.2499999999999964 -17.699999999999996 0 0 0 -1 1 0 0 0 -1 0 0.500000000000002
1 -5.999999999999992 -18.199999999999999 0 -1 0 0 
2 -5.9999999999999876 -18.699999999999996 0 0 0 1 1 0 -0 -0 1 0 0.500000000000002
1 -5.4999999999999813 -19.499999999999989 0 0 1 0 
2 -5.9999999999999876 -19.499999999999989 0 0 0 1 0 -1 0 1 0 -0 0.500000000000004
1 -19.999999999999993 -20.000000000000018 0 1 0 0 
2 -19.999999999999993 -19.499999999999996 0 0 0 1 -1 0 0 0 -1 0 0.500000000000002
1 -20.5 -18.699999999999996 0 0 -1 0 
2 -19.999999999999993 -18.700000000000014 0 0 0 1 0 1 0 -1 0 0 0.50000000000000699
1 -17.749999999999996 -18.200000000000006 0 -1 0 0 
2 -17.749999999999996 -17.700000000000003 0 0 0 -1 0 1 0 1 -0 0 0.5
1 -17.249999999999996 -17.20695209853918 0 0 -1 0 
2 -17.749999999999989 -17.206952098539176 0 0 0 -1 -1 0 0 0 1 0 0.499999999999994
1 -20.010548749608699 -14.236533590427513 0 0.7067332047862509 -0.70748016032434091 0 
2 -21.425509070257384 -15.650000000000004 0 0 0 -1 -0.70748016032434502 -0.70673320478624702 -0 -0.70673320478624702 0.70748016032434502 0 1.9999999999999989
1 -24.537958978671107 -13.65000000000002 0 1 0 0 
2 -24.537958978671107 -15.650000000000004 0 0 0 -1 0 -1 0 -1 -0 -0 1.9999999999999949
1 -28.60141358514116 -16.853196026402095 0 0.71136064602489668 0.70282717028231168 0 
2 -28.249999999999964 -17.208876349414552 0 0 0 -1 0.70282717028233888 -0.71136064602486992 0 -0.71136064602486992 -0.70282717028233888 -0 0.50000000000003197
1 -28.749999999999996 -17.70000000000001 0 0 1 0 
2 -28.249999999999993 -17.700000000000003 0 0 0 -1 1 0 0 0 -1 0 0.500000000000004
1 -25.999999999999993 -18.20000000000001 0 -1 0 0 
2 -25.999999999999996 -18.70000000000001 0 0 0 1 1 0 -0 -0 1 0 0.5
1 -25.499999999999993 -19.5 0 0 1 0 
2 -25.999999999999996 -19.5 0 0 0 1 0 -1 0 1 0 -0 0.500000000000002
1 -40.000000000000007 -20.000000000000032 0 1 0 0 
2 -40 -19.500000000000011 0 0 0 1 -1 0 0 0 -1 0 0.49999999999999301
1 -40.5 -18.70000000000001 0 0 -1 0 
2 -40 -18.70000000000001 0 0 0 1 0 1 0 -1 0 0 0.49999999999999301
1 -37.749999999999993 -18.200000000000024 0 -1 0 0 
2 -37.75 -17.700000000000014 0 0 0 -1 0 1 0 1 -0 0 0.5
1 -37.25 -17.206952098539183 0 0 -1 0 
2 -37.749999999999943 -17.206952098539166 0 0 0 -1 -1 0 0 0 1 0 0.49999999999994599
1 -40.010548749608709 -14.236533590427509 0 0.7067332047862529 -0.70748016032433891 0 
2 -41.425509070257377 -15.650000000000013 0 0 0 -1 -0.70748016032433803 -0.70673320478625401 -0 -0.70673320478625401 0.70748016032433803 0 1.9999999999999909
1 -44.537958978671114 -13.650000000000029 0 1 0 0 
2 -44.537958978671114 -15.649999999999999 0 0 0 -1 0 -1 0 -1 -0 -0 1.999999999999984
1 -48.60141358514116 -16.853196026402109 0 0.71136064602489724 0.70282717028231123 0 
2 -48.250000000000021 -17.208876349414556 0 0 0 -1 0.70282717028229413 -0.71136064602491411 0 -0.71136064602491411 -0.70282717028229413 -0 0.49999999999998201
1 -48.75 -17.700000000000024 0 0 1 0 
2 -48.25 -17.700000000000035 0 0 0 -1 1 0 0 0 -1 0 0.49999999999999301
1 -46.000000000000007 -18.200000000000017 0 -1 0 0 
2 -46.000000000000007 -18.700000000000014 0 0 0 1 1 0 -0 -0 1 0 0.499999999999997
1 -45.5 -19.500000000000014 0 0 1 0 
2 -46 -19.500000000000032 0 0 0 1 0 -1 0 1 0 -0 0.49999999999999301
1 -50.999999999999986 -20.000000000000039 0 1 0 0 
2 -50.999999999999972 -18.000000000000007 0 0 0 1 -1 0 0 0 -1 0 2.0000000000000289
1 -53 -13.000000000000052 0 0 -1 0 
2 -52.500000000000007 -13.000000000000039 0 0 0 1 0 1 0 -1 0 0 0.49999999999999201
1 -51.700000000000003 -12.500000000000044 0 -1 0 0 
2 -51.700000000000003 -13.000000000000046 0 0 0 1 1 0 -0 -0 1 0 0.49999999999999301
1 -51.200000000000003 -15.250000000000043 0 0 1 0 
2 -50.700000000000003 -15.250000000000043 0 0 0 -1 1 0 0 0 -1 0 0.5
1 -50.206952098539162 -15.750000000000037 0 -1 0 0 
2 -50.206952098539155 -15.25000000000006 0 0 0 -1 0 1 0 1 -0 0 0.49999999999997802
1 -47.236533590427499 -12.98945125039133 0 -0.70748016032434247 -0.70673320478624946 0 
2 -48.649999999999963 -11.574490929742659 0 0 0 -1 -0.70673320478624502 0.70748016032434702 0 0.70748016032434702 0.70673320478624502 0 1.999999999999966
1 -46.650000000000006 -8.4620410213289254 0 0 -1 0 
2 -48.649999999999984 -8.4620410213289112 0 0 0 -1 -1 0 0 0 1 0 1.9999999999999289
1 -50.000000000000007 -4.2500000000000338 0 0.70282717028231223 -0.71136064602489624 0 
1 -50.70000000000001 -4.2500000000000364 0 1 0 0 
2 -50.699999999999996 -4.7500000000000426 0 0 0 -1 0 -1 0 -1 -0 -0 0.500000000000004
1 -51.20000000000001 -7.0000000000000417 0 0 1 0 
2 -51.700000000000003 -7.0000000000000462 0 0 0 1 0 -1 0 1 0 -0 0.499999999999994
1 -52.500000000000007 -7.5000000000000444 0 1 0 0 
2 -52.500000000000007 -7.0000000000000506 0 0 0 1 -1 0 0 0 -1 0 0.49999999999999301
1 -53.000000000000007 -2.0000000000000351 0 0 -1 0 
2 -51 -2.0000000000000351 0 0 0 1 0 1 0 -1 0 0 1.999999999999994
1 -46.000000000000021 -3.7747579999999997e-14 0 -1 0 0 
2 -46 -0.50000000000002498 0 0 0 1 1 0 -0 -0 1 0 0.49999999999999301
1 -45.500000000000007 -1.3000000000000389 0 0 1 0 
2 -46 -1.3000000000000389 0 0 0 1 0 -1 0 1 0 -0 0.499999999999998
1 -48.250000000000014 -1.800000000000042 0 1 0 0 
2 -48.250000000000014 -2.3000000000000331 0 0 0 -1 0 -1 0 -1 -0 -0 0.499999999999994
1 -48.750000000000007 -2.793047901460866 0 0 1 0 
2 -48.250000000000043 -2.7930479014608829 0 0 0 -1 1 0 0 0 -1 0 0.49999999999995698
1 -45.989451250391305 -5.7634664095725281 0 -0.7067332047862499 0.70748016032434191 0 
2 -44.574490929742616 -4.3499999999999979 0 0 0 -1 0.70748016032433603 0.70673320478625601 0 0.70673320478625601 -0.70748016032433603 0 2.000000000000028
1 -41.462041021328886 -6.3500000000000263 0 -1 0 0 
2 -41.462041021328901 -4.3500000000000156 0 0 0 -1 0 1 0 1 -0 0 2.000000000000012
1 -37.398586414858848 -3.1468039735979381 0 -0.71136064602489424 -0.70282717028231423 0 
2 -37.75 -2.791123650585499 0 0 0 -1 -0.70282717028231623 0.71136064602489224 0 0.71136064602489224 0.70282717028231623 0 0.499999999999994
1 -37.250000000000007 -2.3000000000000291 0 0 -1 0 
2 -37.750000000000007 -2.3000000000000291 0 0 0 -1 -1 0 0 0 1 0 0.5
1 -40.000000000000007 -1.8000000000000309 0 1 0 0 
2 -40.000000000000014 -1.300000000000028 0 0 0 1 -1 0 0 0 -1 0 0.49999999999999301
1 -40.500000000000007 -0.50000000000003597 0 0 -1 0 
2 -40.000000000000014 -0.50000000000003597 0 0 0 1 0 1 0 -1 0 0 0.5
1 -26.000000000000011 -2.664535e-14 0 -1 0 0 
2 -26.000000000000007 -0.50000000000001799 0 0 0 1 1 0 -0 -0 1 0 0.499999999999995
1 -25.500000000000007 -1.300000000000026 0 0 1 0 
2 -26.000000000000011 -1.3000000000000189 0 0 0 1 0 -1 0 1 0 -0 0.500000000000004
1 -28.250000000000007 -1.800000000000028 0 1 0 0 
2 -28.250000000000011 -2.300000000000022 0 0 0 -1 0 -1 0 -1 -0 -0 0.5
1 -28.750000000000004 -2.793047901460846 0 0 1 0 
2 -28.25 -2.793047901460846 0 0 0 -1 1 0 0 0 -1 0 0.500000000000005
1 -25.989451250391301 -5.7634664095725103 0 -0.7067332047862509 0.70748016032434091 0 
2 -24.57449092974263 -4.3500000000000272 0 0 0 -1 0.70748016032434291 0.7067332047862489 0 0.7067332047862489 -0.70748016032434291 0 1.9999999999999869
1 -21.462041021328893 -6.3500000000000139 0 -1 0 0 
2 -21.462041021328897 -4.3500000000000032 0 0 0 -1 0 1 0 1 -0 0 2.0000000000000129
1 -17.398586414858844 -3.1468039735979252 0 -0.71136064602489479 -0.70282717028231378 0 
2 -17.750000000000018 -2.791123650585476 0 0 0 -1 -0.70282717028232988 0.71136064602487892 0 0.71136064602487892 0.70282717028232988 0 0.50000000000001799
1 -17.250000000000007 -2.3000000000000149 0 0 -1 0 
2 -17.750000000000014 -2.300000000000022 0 0 0 -1 -1 0 0 0 1 0 0.500000000000004
1 -20.000000000000007 -1.8000000000000169 0 1 0 0 
2 -20.000000000000007 -1.3000000000000229 0 0 0 1 -1 0 0 0 -1 0 0.499999999999998
1 -20.500000000000007 -0.50000000000002298 0 0 -1 0 
2 -20.000000000000004 -0.50000000000002298 0 0 0 1 0 1 0 -1 0 0 0.500000000000005
1 -6.0000000000000009 -1.3322680000000001e-14 0 -1 0 0 
2 -6.0000000000000009 -0.50000000000001399 0 0 0 1 1 0 -0 -0 1 0 0.5
1 -5.4999999999999938 -1.3000000000000149 0 0 1 0 
2 -6.0000000000000009 -1.3000000000000149 0 0 0 1 0 -1 0 1 0 -0 0.500000000000001
1 -8.2500000000000071 -1.8000000000000169 0 1 0 0 
2 -8.2500000000000071 -2.3000000000000109 0 0 0 -1 0 -1 0 -1 -0 -0 0.5
1 -8.7500000000000036 -2.7930479014608411 0 0 1 0 
2 -8.2500000000000142 -2.7930479014608411 0 0 0 -1 1 0 0 0 -1 0 0.499999999999996
1 -5.9894512503912978 -5.7634664095725094 0 -0.7067332047862509 0.70748016032434091 0 
2 -4.5744909297426206 -4.3500000000000014 0 0 0 -1 0.70748016032433803 0.70673320478625401 0 0.70673320478625401 -0.70748016032433803 0 1.999999999999998
1 -1.462041021328897 -6.3500000000000023 0 -1 0 0 
2 -1.4620410213289019 -4.3499999999999979 0 0 0 -1 0 1 0 1 -0 0 2.0000000000000071
1 2.601413585141152 -3.146803973597911 0 -0.71136064602489324 -0.70282717028231534 0 
2 2.2500000000000009 -2.7911236505854649 0 0 0 -1 -0.70282717028230968 0.71136064602489868 0 0.71136064602489868 0.70282717028230968 0 0.500000000000001
1 2.7499999999999991 -2.300000000000002 0 0 -1 0 
2 2.2500000000000009 -2.3000000000000109 0 0 0 -1 -1 0 0 0 1 0 0.500000000000003
1 0 -1.800000000000004 0 1 0 0 
2 0 -1.3000000000000009 0 0 0 1 -1 0 0 0 -1 0 0.500000000000003
1 -0.499999999999998 -0.50000000000000899 0 0 -1 0 
2 0 -0.50000000000000899 0 0 0 1 0 1 0 -1 0 0 0.500000000000005
1 14 0 0 -1 0 0 
2 14 -0.49999999999999201 0 0 0 1 1 0 -0 -0 1 0 0.499999999999997
1 14.500000000000007 -1.3000000000000009 0 0 1 0 
2 14 -1.2999999999999921 0 0 0 1 0 -1 0 1 0 -0 0.500000000000004
1 11.750000000000004 -1.800000000000004 0 1 0 0 
2 11.750000000000004 -2.299999999999998 0 0 0 -1 0 -1 0 -1 -0 -0 0.5
1 11.250000000000004 -2.7930479014608278 0 0 1 0 
2 11.750000000000004 -2.7930479014608278 0 0 0 -1 1 0 0 0 -1 0 0.49999999999999301
1 14.010548749608688 -5.763466409572489 0 -0.7067332047862489 0.70748016032434291 0 
2 15.42550907025737 -4.3500000000000156 0 0 0 -1 0.70748016032434802 0.70673320478624402 0 0.70673320478624402 -0.70748016032434802 0 1.999999999999978
1 18.537958978671099 -6.349999999999989 0 -1 0 0 
2 18.537958978671117 -4.349999999999989 0 0 0 -1 0 1 0 1 -0 0 1.999999999999994
1 22.601413585141167 -3.1468039735978999 0 -0.71136064602489668 -0.70282717028231168 0 
2 22.249999999999957 -2.7911236505854409 0 0 0 -1 -0.70282717028235497 0.71136064602485405 0 0.71136064602485405 0.70282717028235497 0 0.50000000000002798
1 22.75 -2.2999999999999909 0 0 -1 0 
2 22.25 -2.2999999999999998 0 0 0 -1 -1 0 0 0 1 0 0.5
1 20.000000000000004 -1.7999999999999909 0 1 0 0 
2 20.000000000000004 -1.2999999999999881 0 0 0 1 -1 0 0 0 -1 0 0.500000000000002
1 19.500000000000007 -0.499999999999998 0 0 -1 0 
2 20.000000000000004 -0.499999999999996 0 0 0 1 0 1 0 -1 0 0 0.500000000000005
1 25.000000000000004 1.5543119999999999e-14 0 -1 0 0 
2 25.000000000000004 -1.99999999999998 0 0 0 1 1 0 -0 -0 1 0 1.9999999999999909
1 27.000000000000007 -6.9999999999999707 0 0 1 0 
2 26.5 -6.9999999999999707 0 0 0 1 0 -1 0 1 0 -0 0.500000000000004
1 25.700000000000006 -7.4999999999999689 0 1 0 0 
2 25.700000000000006 -6.9999999999999707 0 0 0 1 -1 0 0 0 -1 0 0.500000000000001
1 25.20000000000001 -4.7499999999999716 0 0 -1 0 
2 24.700000000000003 -4.7499999999999716 0 0 0 -1 -1 0 0 0 1 0 0.5
1 24.20695209853918 -4.2499999999999734 0 1 0 0 
2 24.206952098539162 -4.749999999999952 0 0 0 -1 0 -1 0 -1 -0 -0 0.49999999999997502
1 21.236533590427488 -7.0105487496086694 0 0.70748016032434402 0.7067332047862479 0 
2 22.650000000000027 -8.4255090702573643 0 0 0 -1 0.7067332047862569 -0.70748016032433492 0 -0.70748016032433492 -0.7067332047862569 -0 2.0000000000000142
1 20.650000000000016 -11.537958978671089 0 0 1 0 
2 22.649999999999956 -11.53795897867111 0 0 0 -1 1 0 0 0 -1 0 1.9999999999999469
1 23.853196026402102 -15.601413585141133 0 -0.70282717028231478 0.71136064602489368 0 
2 24.208876349414531 -15.249999999999989 0 0 0 -1 0.71136064602489224 0.70282717028231623 0 0.70282717028231623 -0.71136064602489224 0 0.49999999999999101
1 24.70000000000001 -15.749999999999972 0 -1 0 0 
2 24.70000000000001 -15.249999999999977 0 0 0 -1 0 1 0 1 -0 0 0.5
1 25.200000000000017 -12.999999999999972 0 0 -1 0 
2 25.700000000000017 -12.99999999999998 0 0 0 1 0 1 0 -1 0 0 0.500000000000004
1 26.500000000000007 -12.499999999999973 0 -1 0 0 
2 26.500000000000007 -12.99999999999998 0 0 0 1 1 0 -0 -0 1 0 0.500000000000004
1 27.000000000000014 -17.999999999999968 0 0 1 0 
2 24.999999999999986 -17.999999999999964 0 0 0 1 0 -1 0 1 0 -0 2.0000000000000191
1 20.000000000000004 -19.999999999999993 0 1 0 0 
2 20.000000000000004 -19.499999999999989 0 0 0 1 -1 0 0 0 -1 0 0.499999999999997
1 19.500000000000014 -18.699999999999978 0 0 -1 0 
2 20.000000000000014 -18.699999999999978 0 0 0 1 0 1 0 -1 0 0 0.500000000000002
1 22.250000000000011 -18.199999999999982 0 -1 0 0 
2 22.250000000000011 -17.699999999999974 0 0 0 -1 0 1 0 1 -0 0 0.5
1 22.750000000000007 -17.206952098539151 0 0 -1 0 
2 -13.000000000000004 -10.000000000000004 0 0 0 1 -1 0 0 0 -1 0 6.25
2 7.0000000000000062 -9.9999999999999911 0 0 0 1 -1 0 0 0 -1 0 6.25
2 -33 -10.000000000000004 0 0 0 1 -1 0 0 0 -1 0 6.25
2 -2.9999999999999978 -10 0 0 0 1 -1 0 0 0 -1 0 2.1499999999999999
2 -23 -10.000000000000009 0 0 0 1 -1 0 0 0 -1 0 2.149999999999995
2 17.000000000000014 -9.9999999999999858 0 0 0 1 -1 0 0 0 -1 0 2.149999999999995
2 -43.000000000000007 -10.000000000000009 0 0 0 1 -1 0 0 0 -1 0 2.1499999999999919
Polygon3D 0
PolygonOnTriangulations 0
Surfaces 215
1 -13.002036678976548 -9.9996689857221259 0 0 0 1 1 0 -0 -0 1 0 
2 22.250000000000011 -17.206952098539151 0 0 0 1 -1 0 0 0 -1 0 0.499999999999998
1 22.603740080162179 -16.853585496146032 0 -0.70748016032434191 -0.7067332047862499 0 0 0 1 -0.7067332047862499 0.70748016032434191 0 
2 18.574490929742606 -15.649999999999995 0 0 0 1 -0.70748016032434591 -0.70673320478624591 0 0.70673320478624591 -0.70748016032434591 0 2.0000000000000191
1 18.574490929742623 -13.649999999999988 0 0 -1 0 0 0 -1 1 0 0 
2 15.462041021328904 -15.649999999999995 0 0 0 1 0 -1 0 1 0 -0 2.0000000000000111
1 14.056386680764273 -14.227278707950202 0 0.70282717028231279 -0.71136064602489579 0 0 0 -1 0.71136064602489579 0.70282717028231279 0 
2 11.750000000000011 -17.208876349414517 0 0 0 1 0.70282717028231179 -0.71136064602489679 0 0.71136064602489679 0.70282717028231179 -0 0.499999999999996
1 11.250000000000014 -17.208876349414517 0 1 0 0 0 0 -1 -0 1 0 
2 11.750000000000011 -17.699999999999978 0 0 0 1 1 0 -0 -0 1 0 0.500000000000004
1 11.750000000000011 -18.199999999999996 0 0 1 0 0 -0 1 1 0 -0 
2 14.000000000000007 -18.699999999999982 0 0 0 1 1 0 -0 -0 1 0 0.500000000000004
1 14.500000000000014 -18.699999999999982 0 1 0 0 0 0 -1 -0 1 0 
2 14.000000000000007 -19.499999999999975 0 0 0 1 0 -1 0 1 0 -0 0.500000000000002
1 14.000000000000007 -19.999999999999972 0 0 -1 0 0 0 -1 1 0 0 
2 1.3322680000000001e-14 -19.499999999999986 0 0 0 1 -1 0 0 0 -1 0 0.500000000000002
1 -0.49999999999998501 -19.499999999999986 0 -1 0 0 0 0 1 0 1 -0 
2 1.3322680000000001e-14 -18.699999999999992 0 0 0 1 0 1 0 -1 0 0 0.500000000000002
1 8.8817839999999998e-15 -18.200000000000003 0 0 1 0 0 -0 1 1 0 -0 
2 2.2500000000000102 -17.699999999999992 0 0 0 1 0 1 0 -1 0 0 0.5
1 2.750000000000008 -17.699999999999992 0 -1 0 0 0 0 1 0 1 -0 
2 2.2500000000000102 -17.206952098539162 0 0 0 1 -1 0 0 0 -1 0 0.499999999999994
1 2.6037400801621851 -16.853585496146046 0 -0.70748016032434002 -0.70673320478625201 0 0 0 1 -0.70673320478625201 0.70748016032434002 0 
2 -1.4255090702573801 -15.649999999999986 0 0 0 1 -0.70748016032434502 -0.70673320478624702 0 0.70673320478624702 -0.70748016032434502 0 1.999999999999998
1 -1.4255090702573801 -13.650000000000002 0 0 -1 0 0 0 -1 1 0 0 
2 -4.5379589786711128 -15.649999999999991 0 0 0 1 0 -1 0 1 0 -0 1.999999999999996
1 -5.9436133192357321 -14.227278707950216 0 0.70282717028231523 -0.71136064602489324 0 0 0 -1 0.71136064602489324 0.70282717028231523 0 
2 -8.2500000000000107 -17.208876349414531 0 0 0 1 0.70282717028230268 -0.71136064602490567 0 0.71136064602490567 0.70282717028230268 -0 0.49999999999999201
1 -8.7499999999999964 -17.208876349414531 0 1 0 0 0 0 -1 -0 1 0 
2 -8.2499999999999964 -17.699999999999996 0 0 0 1 1 0 -0 -0 1 0 0.500000000000002
1 -8.2499999999999964 -18.200000000000006 0 0 1 0 0 -0 1 1 0 -0 
2 -5.9999999999999876 -18.699999999999996 0 0 0 1 1 0 -0 -0 1 0 0.500000000000002
1 -5.4999999999999893 -18.699999999999996 0 1 0 0 0 0 -1 -0 1 0 
2 -5.9999999999999876 -19.499999999999989 0 0 0 1 0 -1 0 1 0 -0 0.500000000000004
1 -5.9999999999999876 -20.000000000000007 0 0 -1 0 0 0 -1 1 0 0 
2 -19.999999999999993 -19.499999999999996 0 0 0 1 -1 0 0 0 -1 0 0.500000000000002
1 -20.5 -19.499999999999996 0 -1 0 0 0 0 1 0 1 -0 
2 -19.999999999999993 -18.700000000000014 0 0 0 1 0 1 0 -1 0 0 0.50000000000000699
1 -19.999999999999993 -18.200000000000017 0 0 1 0 0 -0 1 1 0 -0 
2 -17.749999999999996 -17.700000000000003 0 0 0 1 0 1 0 -1 0 0 0.5
1 -17.249999999999996 -17.700000000000003 0 -1 0 0 0 0 1 0 1 -0 
2 -17.749999999999989 -17.206952098539176 0 0 0 1 -1 0 0 0 -1 0 0.499999999999994
1 -17.396259919837824 -16.853585496146056 0 -0.70748016032434102 -0.70673320478625101 0 0 0 1 -0.70673320478625101 0.70748016032434102 0 
2 -21.425509070257384 -15.650000000000004 0 0 0 1 -0.70748016032434502 -0.70673320478624702 0 0.70673320478624702 -0.70748016032434502 0 2
1 -21.425509070257384 -13.650000000000016 0 0 -1 0 0 0 -1 1 0 0 
2 -24.537958978671107 -15.650000000000004 0 0 0 1 0 -1 0 1 0 -0 1.9999999999999949
1 -25.943613319235737 -14.227278707950228 0 0.70282717028231223 -0.71136064602489624 0 0 0 -1 0.71136064602489624 0.70282717028231223 0 
2 -28.249999999999964 -17.208876349414552 0 0 0 1 0.70282717028233888 -0.71136064602486992 0 0.71136064602486992 0.70282717028233888 -0 0.50000000000003197
1 -28.749999999999996 -17.208876349414545 0 1 0 0 0 0 -1 -0 1 0 
2 -28.249999999999993 -17.700000000000003 0 0 0 1 1 0 -0 -0 1 0 0.500000000000004
1 -28.249999999999993 -18.200000000000021 0 0 1 0 0 -0 1 1 0 -0 
2 -25.999999999999996 -18.70000000000001 0 0 0 1 1 0 -0 -0 1 0 0.5
1 -25.5 -18.70000000000001 0 1 0 0 0 0 -1 -0 1 0 
2 -25.999999999999996 -19.5 0 0 0 1 0 -1 0 1 0 -0 0.500000000000002
1 -25.999999999999996 -20.000000000000021 0 0 -1 0 0 0 -1 1 0 0 
2 -40 -19.500000000000011 0 0 0 1 -1 0 0 0 -1 0 0.49999999999999301
1 -40.5 -19.500000000000011 0 -1 0 0 0 0 1 0 1 -0 
2 -40 -18.70000000000001 0 0 0 1 0 1 0 -1 0 0 0.49999999999999301
1 -39.999999999999993 -18.200000000000031 0 0 1 0 0 -0 1 1 0 -0 
2 -37.75 -17.700000000000014 0 0 0 1 0 1 0 -1 0 0 0.5
1 -37.25 -17.700000000000014 0 -1 0 0 0 0 1 0 1 -0 
2 -37.749999999999943 -17.206952098539166 0 0 0 1 -1 0 0 0 -1 0 0.49999999999994599
1 -37.396259919837817 -16.853585496146053 0 -0.70748016032433891 -0.7067332047862529 0 0 0 1 -0.7067332047862529 0.70748016032433891 0 
2 -41.425509070257377 -15.650000000000013 0 0 0 1 -0.70748016032433803 -0.70673320478625401 0 0.70673320478625401 -0.70748016032433803 0 1.9999999999999909
1 -41.425509070257391 -13.650000000000029 0 0 -1 0 0 0 -1 1 0 0 
2 -44.537958978671114 -15.649999999999999 0 0 0 1 0 -1 0 1 0 -0 1.999999999999984
1 -45.94361331923573 -14.227278707950241 0 0.70282717028231123 -0.71136064602489724 0 0 0 -1 0.71136064602489724 0.70282717028231123 0 
2 -48.250000000000021 -17.208876349414556 0 0 0 1 0.70282717028229413 -0.71136064602491411 0 0.71136064602491411 0.70282717028229413 -0 0.49999999999998201
1 -48.75 -17.208876349414556 0 1 0 0 0 0 -1 -0 1 0 
2 -48.25 -17.700000000000035 0 0 0 1 1 0 -0 -0 1 0 0.49999999999999301
1 -48.25 -18.200000000000035 0 0 1 0 0 -0 1 1 0 -0 
2 -46.000000000000007 -18.700000000000014 0 0 0 1 1 0 -0 -0 1 0 0.499999999999997
1 -45.5 -18.700000000000024 0 1 0 0 0 0 -1 -0 1 0 
2 -46 -19.500000000000032 0 0 0 1 0 -1 0 1 0 -0 0.49999999999999301
1 -46.000000000000007 -20.000000000000036 0 0 -1 0 0 0 -1 1 0 0 
2 -50.999999999999972 -18.000000000000007 0 0 0 1 -1 0 0 0 -1 0 2.0000000000000289
1 -52.999999999999986 -18.000000000000039 0 -1 0 0 0 0 1 0 1 -0 
2 -52.500000000000007 -13.000000000000039 0 0 0 1 0 1 0 -1 0 0 0.49999999999999201
1 -52.5 -12.50000000000005 0 0 1 0 0 -0 1 1 0 -0 
2 -51.700000000000003 -13.000000000000046 0 0 0 1 1 0 -0 -0 1 0 0.49999999999999301
1 -51.20000000000001 -13.000000000000046 0 1 0 0 0 0 -1 -0 1 0 
2 -50.700000000000003 -15.250000000000043 0 0 0 1 1 0 -0 -0 1 0 0.5
1 -50.700000000000003 -15.750000000000037 0 0 1 0 0 -0 1 1 0 -0 
2 -50.206952098539155 -15.25000000000006 0 0 0 1 0 1 0 -1 0 0 0.49999999999997802
1 -49.853585496146053 -15.603740080162204 0 -0.7067332047862499 0.70748016032434191 0 0 0 1 0.70748016032434191 0.7067332047862499 -0 
2 -48.649999999999963 -11.574490929742659 0 0 0 1 -0.70673320478624502 0.70748016032434702 0 -0.70748016032434702 -0.70673320478624502 0 1.999999999999966
1 -46.650000000000006 -11.574490929742648 0 -1 0 0 0 0 1 0 1 -0 
2 -48.649999999999984 -8.4620410213289112 0 0 0 1 -1 0 0 0 -1 0 1.9999999999999289
1 -47.227278707950227 -7.0563866807642972 0 -0.71136064602489624 -0.70282717028231223 0 0 0 1 -0.70282717028231223 0.71136064602489624 0 
1 -50.000000000000007 -4.2500000000000338 0 0 -1 0 0 0 -1 1 0 0 
2 -50.699999999999996 -4.7500000000000426 0 0 0 1 0 -1 0 1 0 -0 0.500000000000004
1 -51.20000000000001 -4.7500000000000364 0 1 0 0 0 0 -1 -0 1 0 
2 -51.700000000000003 -7.0000000000000462 0 0 0 1 0 -1 0 1 0 -0 0.499999999999994
1 -51.70000000000001 -7.50000000000004 0 0 -1 0 0 0 -1 1 0 0 
2 -52.500000000000007 -7.0000000000000506 0 0 0 1 -1 0 0 0 -1 0 0.49999999999999301
1 -53 -7.0000000000000462 0 -1 0 0 0 0 1 0 1 -0 
2 -51 -2.0000000000000351 0 0 0 1 0 1 0 -1 0 0 1.999999999999994
1 -51 -3.3306690000000002e-14 0 0 1 0 0 -0 1 1 0 -0 
2 -46 -0.50000000000002498 0 0 0 1 1 0 -0 -0 1 0 0.49999999999999301
1 -45.500000000000007 -0.50000000000002898 0 1 0 0 0 0 -1 -0 1 0 
2 -46 -1.3000000000000389 0 0 0 1 0 -1 0 1 0 -0 0.499999999999998
1 -46.000000000000014 -1.8000000000000389 0 0 -1 0 0 0 -1 1 0 0 
2 -48.250000000000014 -2.3000000000000331 0 0 0 1 0 -1 0 1 0 -0 0.499999999999994
1 -48.750000000000007 -2.3000000000000349 0 1 0 0 0 0 -1 -0 1 0 
2 -48.250000000000043 -2.7930479014608829 0 0 0 1 1 0 -0 -0 1 0 0.49999999999995698
1 -48.603740080162169 -3.146414503853987 0 0.70748016032434191 0.7067332047862499 0 0 0 -1 -0.7067332047862499 0.70748016032434191 0 
2 -44.574490929742616 -4.3499999999999979 0 0 0 1 0.70748016032433603 0.70673320478625601 -0 -0.70673320478625601 0.70748016032433603 0 2.000000000000028
1 -44.574490929742616 -6.3500000000000263 0 0 1 0 0 -0 1 1 0 -0 
2 -41.462041021328901 -4.3500000000000156 0 0 0 1 0 1 0 -1 0 0 2.000000000000012
1 -40.056386680764263 -5.7727212920498161 0 -0.70282717028231423 0.71136064602489424 0 0 0 1 0.71136064602489424 0.70282717028231423 -0 
2 -37.75 -2.791123650585499 0 0 0 1 -0.70282717028231623 0.71136064602489224 0 -0.71136064602489224 -0.70282717028231623 0 0.499999999999994
1 -37.250000000000007 -2.7911236505854902 0 -1 0 0 0 0 1 0 1 -0 
2 -37.750000000000007 -2.3000000000000291 0 0 0 1 -1 0 0 0 -1 0 0.5
1 -37.750000000000007 -1.800000000000028 0 0 -1 0 0 0 -1 1 0 0 
2 -40.000000000000014 -1.300000000000028 0 0 0 1 -1 0 0 0 -1 0 0.49999999999999301
1 -40.500000000000007 -1.300000000000028 0 -1 0 0 0 0 1 0 1 -0 
2 -40.000000000000014 -0.50000000000003597 0 0 0 1 0 1 0 -1 0 0 0.5
1 -40.000000000000014 -3.5527139999999999e-14 0 0 1 0 0 -0 1 1 0 -0 
2 -26.000000000000007 -0.50000000000001799 0 0 0 1 1 0 -0 -0 1 0 0.499999999999995
1 -25.500000000000007 -0.50000000000001599 0 1 0 0 0 0 -1 -0 1 0 
2 -26.000000000000011 -1.3000000000000189 0 0 0 1 0 -1 0 1 0 -0 0.500000000000004
1 -26.000000000000007 -1.800000000000028 0 0 -1 0 0 0 -1 1 0 0 
2 -28.250000000000011 -2.300000000000022 0 0 0 1 0 -1 0 1 0 -0 0.5
1 -28.750000000000004 -2.300000000000022 0 1 0 0 0 0 -1 -0 1 0 
2 -28.25 -2.793047901460846 0 0 0 1 1 0 -0 -0 1 0 0.500000000000005
1 -28.603740080162176 -3.146414503853967 0 0.70748016032434102 0.70673320478625101 0 0 0 -1 -0.70673320478625101 0.70748016032434102 0 
2 -24.57449092974263 -4.3500000000000272 0 0 0 1 0.70748016032434291 0.7067332047862489 -0 -0.7067332047862489 0.70748016032434291 0 1.9999999999999869
1 -24.574490929742623 -6.3500000000000139 0 0 1 0 0 -0 1 1 0 -0 
2 -21.462041021328897 -4.3500000000000032 0 0 0 1 0 1 0 -1 0 0 2.0000000000000129
1 -20.056386680764263 -5.7727212920498028 0 -0.70282717028231378 0.71136064602489479 0 0 0 1 0.71136064602489479 0.70282717028231378 -0 
2 -17.750000000000018 -2.791123650585476 0 0 0 1 -0.70282717028232988 0.71136064602487892 0 -0.71136064602487892 -0.70282717028232988 0 0.50000000000001799
1 -17.250000000000007 -2.791123650585476 0 -1 0 0 0 0 1 0 1 -0 
2 -17.750000000000014 -2.300000000000022 0 0 0 1 -1 0 0 0 -1 0 0.500000000000004
1 -17.750000000000007 -1.8000000000000149 0 0 -1 0 0 0 -1 1 0 0 
2 -20.000000000000007 -1.3000000000000229 0 0 0 1 -1 0 0 0 -1 0 0.499999999999998
1 -20.500000000000007 -1.3000000000000149 0 -1 0 0 0 0 1 0 1 -0 
2 -20.000000000000004 -0.50000000000002298 0 0 0 1 0 1 0 -1 0 0 0.500000000000005
1 -20.000000000000004 -2.2204460000000001e-14 0 0 1 0 0 -0 1 1 0 -0 
2 -6.0000000000000009 -0.50000000000001399 0 0 0 1 1 0 -0 -0 1 0 0.5
1 -5.5000000000000027 -0.500000000000005 0 1 0 0 0 0 -1 -0 1 0 
2 -6.0000000000000009 -1.3000000000000149 0 0 0 1 0 -1 0 1 0 -0 0.500000000000001
1 -6.0000000000000009 -1.8000000000000149 0 0 -1 0 0 0 -1 1 0 0 
2 -8.2500000000000071 -2.3000000000000109 0 0 0 1 0 -1 0 1 0 -0 0.5
1 -8.7500000000000036 -2.3000000000000109 0 1 0 0 0 0 -1 -0 1 0 
2 -8.2500000000000142 -2.7930479014608411 0 0 0 1 1 0 -0 -0 1 0 0.499999999999996
1 -8.6037400801621757 -3.146414503853963 0 0.70748016032434102 0.70673320478625101 0 0 0 -1 -0.70673320478625101 0.70748016032434102 0 
2 -4.5744909297426206 -4.3500000000000014 0 0 0 1 0.70748016032433803 0.70673320478625401 -0 -0.70673320478625401 0.70748016032433803 0 1.999999999999998
1 -4.5744909297426162 -6.3500000000000023 0 0 1 0 0 -0 1 1 0 -0 
2 -1.4620410213289019 -4.3499999999999979 0 0 0 1 0 1 0 -1 0 0 2.0000000000000071
1 -0.056386680764255001 -5.7727212920497903 0 -0.70282717028231523 0.71136064602489324 0 0 0 1 0.71136064602489324 0.70282717028231523 -0 
2 2.2500000000000009 -2.7911236505854649 0 0 0 1 -0.70282717028230968 0.71136064602489868 0 -0.71136064602489868 -0.70282717028230968 0 0.500000000000001
1 2.7499999999999991 -2.7911236505854702 0 -1 0 0 0 0 1 0 1 -0 
2 2.2500000000000009 -2.3000000000000109 0 0 0 1 -1 0 0 0 -1 0 0.500000000000003
1 2.2500000000000009 -1.800000000000004 0 0 -1 0 0 0 -1 1 0 0 
2 0 -1.3000000000000009 0 0 0 1 -1 0 0 0 -1 0 0.500000000000003
1 -0.499999999999998 -1.3000000000000009 0 -1 0 0 0 0 1 0 1 -0 
2 0 -0.50000000000000899 0 0 0 1 0 1 0 -1 0 0 0.500000000000005
1 0 0 0 0 1 0 0 -0 1 1 0 -0 
2 14 -0.49999999999999201 0 0 0 1 1 0 -0 -0 1 0 0.499999999999997
1 14.500000000000007 -0.49999999999999201 0 1 0 0 0 0 -1 -0 1 0 
2 14 -1.2999999999999921 0 0 0 1 0 -1 0 1 0 -0 0.500000000000004
1 14 -1.800000000000002 0 0 -1 0 0 0 -1 1 0 0 
2 11.750000000000004 -2.299999999999998 0 0 0 1 0 -1 0 1 0 -0 0.5
1 11.250000000000004 -2.299999999999998 0 1 0 0 0 0 -1 -0 1 0 
2 11.750000000000004 -2.7930479014608278 0 0 0 1 1 0 -0 -0 1 0 0.49999999999999301
1 11.396259919837831 -3.1464145038539488 0 0.70748016032434291 0.7067332047862489 0 0 0 -1 -0.7067332047862489 0.70748016032434291 0 
2 15.42550907025737 -4.3500000000000156 0 0 0 1 0.70748016032434802 0.70673320478624402 -0 -0.70673320478624402 0.70748016032434802 0 1.999999999999978
1 15.42550907025737 -6.3499999999999908 0 0 1 0 0 -0 1 1 0 -0 
2 18.537958978671117 -4.349999999999989 0 0 0 1 0 1 0 -1 0 0 1.999999999999994
1 19.94361331923573 -5.7727212920497788 0 -0.70282717028231179 0.71136064602489679 0 0 0 1 0.71136064602489679 0.70282717028231179 -0 
2 22.249999999999957 -2.7911236505854409 0 0 0 1 -0.70282717028235497 0.71136064602485405 0 -0.71136064602485405 -0.70282717028235497 0 0.50000000000002798
1 22.75 -2.791123650585452 0 -1 0 0 0 0 1 0 1 -0 
2 22.25 -2.2999999999999998 0 0 0 1 -1 0 0 0 -1 0 0.5
1 22.25 -1.7999999999999909 0 0 -1 0 0 0 -1 1 0 0 
2 20.000000000000004 -1.2999999999999881 0 0 0 1 -1 0 0 0 -1 0 0.500000000000002
1 19.500000000000007 -1.2999999999999901 0 -1 0 0 0 0 1 0 1 -0 
2 20.000000000000004 -0.499999999999996 0 0 0 1 0 1 0 -1 0 0 0.500000000000005
1 20.000000000000004 1.3322680000000001e-14 0 0 1 0 0 -0 1 1 0 -0 
2 25.000000000000004 -1.99999999999998 0 0 0 1 1 0 -0 -0 1 0 1.9999999999999909
1 27.000000000000007 -1.999999999999984 0 1 0 0 0 0 -1 -0 1 0 
2 26.5 -6.9999999999999707 0 0 0 1 0 -1 0 1 0 -0 0.500000000000004
1 26.5 -7.4999999999999689 0 0 -1 0 0 0 -1 1 0 0 
2 25.700000000000006 -6.9999999999999707 0 0 0 1 -1 0 0 0 -1 0 0.500000000000001
1 25.20000000000001 -6.9999999999999751 0 -1 0 0 0 0 1 0 1 -0 
2 24.700000000000003 -4.7499999999999716 0 0 0 1 -1 0 0 0 -1 0 0.5
1 24.700000000000003 -4.2499999999999734 0 0 -1 0 0 0 -1 1 0 0 
2 24.206952098539162 -4.749999999999952 0 0 0 1 0 -1 0 1 0 -0 0.49999999999997502
1 23.85358549614606 -4.3962599198377914 0 0.70673320478624801 -0.70748016032434402 0 0 0 -1 0.70748016032434402 0.70673320478624801 0 
2 22.650000000000027 -8.4255090702573643 0 0 0 1 0.7067332047862569 -0.70748016032433492 0 0.70748016032433492 0.7067332047862569 -0 2.0000000000000129
1 20.650000000000016 -8.4255090702573643 0 1 0 0 0 0 -1 -0 1 0 
2 22.649999999999956 -11.53795897867111 0 0 0 1 1 0 -0 -0 1 0 1.9999999999999469
1 21.227278707950216 -12.943613319235713 0 0.71136064602489424 0.70282717028231423 0 0 0 -1 -0.70282717028231423 0.71136064602489424 0 
2 24.208876349414531 -15.249999999999989 0 0 0 1 0.71136064602489224 0.70282717028231623 -0 -0.70282717028231623 0.71136064602489224 0 0.49999999999999101
1 24.208876349414531 -15.749999999999972 0 0 1 0 0 -0 1 1 0 -0 
2 24.70000000000001 -15.249999999999977 0 0 0 1 0 1 0 -1 0 0 0.5
1 25.200000000000017 -15.249999999999977 0 -1 0 0 0 0 1 0 1 -0 
2 25.700000000000017 -12.99999999999998 0 0 0 1 0 1 0 -1 0 0 0.500000000000004
1 25.700000000000017 -12.499999999999973 0 0 1 0 0 -0 1 1 0 -0 
2 26.500000000000007 -12.99999999999998 0 0 0 1 1 0 -0 -0 1 0 0.500000000000004
1 27.000000000000014 -12.999999999999968 0 1 0 0 0 0 -1 -0 1 0 
2 24.999999999999986 -17.999999999999964 0 0 0 1 0 -1 0 1 0 -0 2.0000000000000191
1 25.000000000000014 -19.999999999999993 0 0 -1 0 0 0 -1 1 0 0 
2 20.000000000000004 -19.499999999999989 0 0 0 1 -1 0 0 0 -1 0 0.499999999999997
1 19.500000000000014 -19.499999999999972 0 -1 0 0 0 0 1 0 1 -0 
2 20.000000000000014 -18.699999999999978 0 0 0 1 0 1 0 -1 0 0 0.500000000000002
1 20.000000000000014 -18.199999999999989 0 0 1 0 0 -0 1 1 0 -0 
2 22.250000000000011 -17.699999999999974 0 0 0 1 0 1 0 -1 0 0 0.5
1 22.750000000000007 -17.699999999999974 0 -1 0 0 0 0 1 0 1 -0 
10 3.1415926535897931 9.4247779607693793 0 10
2 -13.000000000000004 -10.000000000000004 0 0 0 1 -1 0 0 0 -1 0 6.25
10 3.1415926535897931 9.4247779607693793 0 10
2 7.0000000000000062 -9.9999999999999911 0 0 0 1 -1 0 0 0 -1 0 6.25
10 3.1415926535897931 9.4247779607693793 0 10
2 -33 -10.000000000000004 0 0 0 1 -1 0 0 0 -1 0 6.25
10 3.1415926535897931 9.4247779607693793 0 10
2 -2.9999999999999978 -10 0 0 0 1 -1 0 0 0 -1 0 2.1499999999999999
10 3.1415926535897931 9.4247779607693793 0 10
2 -23 -10.000000000000009 0 0 0 1 -1 0 0 0 -1 0 2.149999999999995
10 3.1415926535897931 9.4247779607693793 0 10
2 17.000000000000014 -9.9999999999999858 0 0 0 1 -1 0 0 0 -1 0 2.149999999999995
10 3.1415926535897931 9.4247779607693793 0 10
2 -43.000000000000007 -10.000000000000009 0 0 0 1 -1 0 0 0 -1 0 2.1499999999999919
Triangulations 0

TShapes 437
Ve
1e-07
22.6037400801622 -16.853585496146 0
0 0

0101101
*
Ve
1e-07
22.75 -17.2069520985392 0
0 0

0101101
*
Ed
 1e-07 1 1 0
1  1 0 2.35672266754314 3.14159265358979
2  1 2 0 2.35672266754314 3.14159265358979
4 C0 2 0 1 0
0

0101000
+437 0 -436 0 *
Ve
1e-07
19.9894512503913 -14.2365335904275 0
0 0

0101101
*
Ed
 1e-07 1 1 0
1  2 0 0 3.69911702473574
4 C0 3 0 1 0
0

0101000
+434 0 -437 0 *
Ve
1e-07
18.5744909297426 -13.65 0
0 0

0101101
*
Ed
 1e-07 1 1 0
1  3 0 2.35566631284156 3.14159265358979
2  2 4 0 2.35566631284156 3.14159265358979
4 C0 4 0 1 0
0

0101000
+432 0 -434 0 *
Ve
1e-07
15.4620410213289 -13.65 0
0 0

0101101
*
Ed
 1e-07 1 1 0
1  4 0 0 3.11244990841372
4 C0 5 0 1 0
0

0101000
+430 0 -432 0 *
Ve
1e-07
14.0563866807643 -14.2272787079502 0
0 0

0101101
*
Ed
 1e-07 1 1 0
1  5 0 2.36222860537452 3.14159265358979
2  3 6 0 2.36222860537452 3.14159265358979
4 C0 6 0 1 0
0

0101000
+428 0 -430 0 *
Ve
1e-07
11.3985864148589 -16.8531960264021 0
0 0

0101101
*
Ed
 1e-07 1 1 0
1  6 0 0 3.73622055248246
4 C0 7 0 1 0
0

0101000
+426 0 -428 0 *
Ve
1e-07
11.25 -17.2088763494145 0
0 0

0101101
*
Ed
 1e-07 1 1 0
1  7 0 2.35016037501017 3.14159265358979
2  4 8 0 2.35016037501017 3.14159265358979
4 C0 8 0 1 0
0

0101000
+424 0 -426 0 *
Ve
1e-07
11.25 -17.7 0
0 0

0101101
*
Ed
 1e-07 1 1 0
1  8 0 0 0.491123650585465
4 C0 9 0 1 0
0

0101000
+422 0 -424 0 *
Ve
1e-07
11.75 -18.2 0
0 0

0101101
*
Ed
 1e-07 1 1 0
1  9 0 1.5707963267949 3.14159265358979
2  5 10 0 1.5707963267949 3.14159265358979
4 C0 10 0 1 0
0

0101000
+420 0 -422 0 *
Ve
1e-07
14 -18.2 0
0 0

0101101
*
Ed
 1e-07 1 1 0
1  10 0 0 2.25
4 C0 11 0 1 0
0

0101000
+418 0 -420 0 *
Ve
1e-07
14.5 -18.7 0
0 0

0101101
*
Ed
 1e-07 1 1 0
1  11 0 0 1.5707963267949
2  6 12 0 0 1.5707963267949
4 C0 12 0 1 0
0

0101000
+416 0 -418 0 *
Ve
1e-07
14.5 -19.5 0
0 0

0101101
*
Ed
 1e-07 1 1 0
1  12 0 0 0.799999999999994
4 C0 13 0 1 0
0

0101000
+414 0 -416 0 *
Ve
1e-07
14 -20 0
0 0

0101101
*
Ed
 1e-07 1 1 0
1  13 0 0 1.5707963267949
2  7 14 0 0 1.5707963267949
4 C0 14 0 1 0
0

0101000
+412 0 -414 0 *
Ve
1e-07
1.332268e-14 -20 0
0 0

0101101
*
Ed
 1e-07 1 1 0
1  14 0 0 14
4 C0 15 0 1 0
0

0101000
+410 0 -412 0 *
Ve
1e-07
-0.499999999999985 -19.5 0
0 0

0101101
*
Ed
 1e-07 1 1 0
1  15 0 0 1.5707963267949
2  8 16 0 0 1.5707963267949
4 C0 16 0 1 0
0

0101000
+408 0 -410 0 *
Ve
1e-07
-0.499999999999985 -18.7 0
0 0

0101101
*
Ed
 1e-07 1 1 0
1  16 0 0 0.800000000000004
4 C0 17 0 1 0
0

0101000
+406 0 -408 0 *
Ve
1e-07
8.881784e-15 -18.2 0
0 0

0101101
*
Ed
 1e-07 1 1 0
1  17 0 0 1.57079632679488
2  9 18 0 0 1.57079632679488
4 C0 18 0 1 0
0

0101000
+404 0 -406 0 *
Ve
1e-07
2.25000000000001 -18.2 0
0 0

0101101
*
Ed
 1e-07 1 1 0
1  18 0 0 2.25
4 C0 19 0 1 0
0

0101000
+402 0 -404 0 *
Ve
1e-07
2.75000000000001 -17.7 0
0 0

0101101
*
Ed
 1e-07 1 1 0
1  19 0 1.5707963267949 3.14159265358979
2  10 20 0 1.5707963267949 3.14159265358979
4 C0 20 0 1 0
0

0101000
+400 0 -402 0 *
Ve
1e-07
2.75000000000001 -17.2069520985392 0
0 0

0101101
*
Ed
 1e-07 1 1 0
1  20 0 0 0.493047901460827
4 C0 21 0 1 0
0

0101000
+398 0 -400 0 *
Ve
1e-07
2.60374008016219 -16.853585496146 0
0 0

0101101
*
Ed
 1e-07 1 1 0
1  21 0 2.35672266754315 3.14159265358979
2  11 22 0 2.35672266754315 3.14159265358979
4 C0 22 0 1 0
0

0101000
+396 0 -398 0 *
Ve
1e-07
-0.010548749608699 -14.2365335904275 0
0 0

0101101
*
Ed
 1e-07 1 1 0
1  22 0 0 3.69911702473575
4 C0 23 0 1 0
0

0101000
+394 0 -396 0 *
Ve
1e-07
-1.42550907025738 -13.65 0
0 0

0101101
*
Ed
 1e-07 1 1 0
1  23 0 2.35566631284155 3.14159265358979
2  12 24 0 2.35566631284155 3.14159265358979
4 C0 24 0 1 0
0

0101000
+392 0 -394 0 *
Ve
1e-07
-4.53795897867111 -13.65 0
