DBRep_DrawableShape

CASCADE Topology V1, (c) Matra-Datavision
Locations 0
Curve2ds 214
1 6.2831853071795862 0 -1 0 
1 6.2831853071795862 0 -1 0 
1 6.2831853071795862 0 -1 0 
1 6.2831853071795862 0 -1 0 
1 0 0 1 0 
1 0 0 1 0 
1 -4.4408920985006262e-16 0 1 0 
1 0 0 1 0 
1 4.4408920985006262e-16 0 1 0 
1 0 0 1 0 
1 0 0 1 0 
1 0 0 1 0 
1 6.2831853071795862 0 -1 0 
1 6.2831853071795862 0 -1 0 
1 6.2831853071795862 0 -1 0 
1 6.2831853071795862 0 -1 0 
1 6.2831853071795862 0 -1 0 
1 6.2831853071795862 0 -1 0 
1 0 0 1 0 
1 0 0 1 0 
1 4.4408920985006262e-16 0 1 0 
1 -4.4408920985006262e-16 0 1 0 
1 -8.8817841970012523e-16 0 1 0 
1 0 0 1 0 
1 0 0 1 0 
1 0 0 1 0 
1 6.2831853071795862 0 -1 0 
1 6.2831853071795862 0 -1 0 
1 6.2831853071795862 0 -1 0 
1 6.2831853071795862 0 -1 0 
1 6.2831853071795862 0 -1 0 
1 6.2831853071795862 0 -1 0 
1 6.2831853071795862 0 -1 0 
1 0 0 1 0 
1 0 0 1 0 
1 0 0 1 0 
1 -4.4408920985006262e-16 0 1 0 
1 -4.4408920985006262e-16 0 1 0 
1 0 0 1 0 
1 0 0 1 0 
1 0 0 1 0 
1 6.2831853071795862 0 -1 0 
1 6.2831853071795862 0 -1 0 
1 6.2831853071795862 0 -1 0 
1 6.2831853071795862 0 -1 0 
1 6.2831853071795862 0 -1 0 
1 6.2831853071795862 0 -1 0 
1 0 0 1 0 
1 0 0 1 0 
1 1.3322676295501878e-15 0 1 0 
1 0 0 1 0 
1 4.4408920985006262e-16 0 1 0 
1 0 0 1 0 
1 0 0 1 0 
1 0 0 1 0 
1 6.2831853071795862 0 -1 0 
1 6.2831853071795862 0 -1 0 
1 6.2831853071795862 0 -1 0 
1 6.2831853071795862 0 -1 0 
1 6.2831853071795862 0 -1 0 
1 6.2831853071795862 0 -1 0 
1 0 0 1 0 
1 0 0 1 0 
1 8.8817841970012523e-16 0 1 0 
1 -4.4408920985006262e-16 0 1 0 
1 0 0 1 0 
1 -4.4408920985006262e-16 0 1 0 
1 0 0 1 0 
1 0 0 1 0 
1 6.2831853071795862 0 -1 0 
1 6.2831853071795862 0 -1 0 
1 6.2831853071795862 0 -1 0 
1 6.2831853071795862 0 -1 0 
1 6.2831853071795862 0 -1 0 
1 6.2831853071795862 0 -1 0 
1 6.2831853071795862 0 -1 0 
1 0 0 1 0 
1 0 0 1 0 
1 0 0 1 0 
1 4.4408920985006262e-16 0 1 0 
1 1.3322676295501878e-15 0 1 0 
1 -4.4408920985006262e-16 0 1 0 
1 0 0 1 0 
1 0 0 1 0 
1 6.2831853071795862 0 -1 0 
1 6.2831853071795862 0 -1 0 
1 6.2831853071795862 0 -1 0 
1 6.2831853071795862 0 -1 0 
1 6.2831853071795862 0 -1 0 
1 6.2831853071795862 0 -1 0 
1 0 0 1 0 
1 0 0 1 0 
1 4.4408920985006262e-16 0 1 0 
1 -4.4408920985006262e-16 0 1 0 
1 4.4408920985006262e-16 0 1 0 
1 0 0 1 0 
1 0 0 1 0 
1 0 0 1 0 
1 6.2831853071795862 0 -1 0 
1 6.2831853071795862 0 -1 0 
1 6.2831853071795862 0 -1 0 
1 6.2831853071795862 0 -1 0 
1 6.2831853071795862 0 -1 0 
1 6.2831853071795862 0 -1 0 
1 6.2831853071795862 0 -1 0 
1 0 0 1 0 
1 0 0 1 0 
1 1.3322676295501878e-15 0 1 0 
1 4.4408920985006262e-16 0 1 0 
1 1.3322676295501878e-15 0 1 0 
1 4.4408920985006262e-16 0 1 0 
1 0 0 1 0 
1 0 0 1 0 
1 6.2831853071795862 0 -1 0 
1 6.2831853071795862 0 -1 0 
1 6.2831853071795862 0 -1 0 
1 6.2831853071795862 0 -1 0 
1 6.2831853071795862 0 -1 0 
1 6.2831853071795862 0 -1 0 
1 0 0 1 0 
1 0 0 1 0 
1 0 0 1 0 
1 0 0 1 0 
1 0 0 1 0 
1 0 0 1 0 
1 0 0 1 0 
1 0 0 1 0 
1 6.2831853071795862 0 -1 0 
1 6.2831853071795862 0 -1 0 
1 6.2831853071795862 0 -1 0 
1 6.2831853071795862 0 -1 0 
1 6.2831853071795862 0 -1 0 
1 6.2831853071795862 0 -1 0 
1 0 0 1 0 
1 0 0 1 0 
1 1.7763568394002505e-15 0 1 0 
1 -4.4408920985006262e-16 0 1 0 
1 -8.8817841970012523e-16 0 1 0 
1 0 0 1 0 
1 0 0 1 0 
1 0 0 1 0 
1 6.2831853071795862 0 -1 0 
1 6.2831853071795862 0 -1 0 
1 6.2831853071795862 0 -1 0 
1 0 0 1 0 
1 0 0 1 0 
1 0 0 1 0 
1 4.4408920985006262e-16 0 1 0 
1 6.2831853071795862 0 -1 0 
1 -4.4408920985006262e-16 0 1 0 
1 0 0 1 0 
1 6.2831853071795862 0 -1 0 
1 4.4408920985006262e-16 0 1 0 
1 0 0 1 0 
1 4.4408920985006262e-16 0 1 0 
1 4.4408920985006262e-16 0 1 0 
1 -4.4408920985006262e-16 0 1 0 
1 6.2831853071795862 0 -1 0 
1 1.5543122344752192e-15 0 1 0 
1 6.6613381477509392e-16 0 1 0 
1 6.2831853071795862 0 -1 0 
1 4.4408920985006262e-16 0 1 0 
1 3.5527136788005009e-15 0 1 0 
1 0 0 1 0 
1 0 0 1 0 
1 0 0 1 0 
1 0 0 1 0 
1 0 0 1 0 
1 -1.0658141036401503e-14 0 1 0 
1 1.5543122344752192e-15 0 1 0 
1 0 0 1 0 
1 0 0 1 0 
1 0 0 1 0 
1 0 0 1 0 
1 0 0 1 0 
1 0 0 1 0 
1 0 0 1 0 
1 0 0 1 0 
1 7.1054273576010019e-15 0 1 0 
1 -4.4408920985006262e-16 0 1 0 
1 0 0 1 0 
1 0 0 1 0 
1 1.7763568394002505e-15 0 1 0 
1 -1.7763568394002505e-15 0 1 0 
1 4.4408920985006262e-16 0 1 0 
1 6.6613381477509392e-16 0 1 0 
1 -8.8817841970012523e-16 0 1 0 
1 4.4408920985006262e-16 0 1 0 
1 6.2831853071795862 0 -1 0 
1 -2.6645352591003757e-15 0 1 0 
1 -2.2204460492503131e-16 0 1 0 
1 6.2831853071795862 0 -1 0 
1 -4.4408920985006262e-16 0 1 0 
1 8.8817841970012523e-16 0 1 0 
1 8.8817841970012523e-16 0 1 0 
1 6.2831853071795862 0 -1 0 
1 -1.7763568394002505e-15 0 1 0 
1 2.2204460492503131e-16 0 1 0 
1 6.2831853071795862 0 -1 0 
1 4.4408920985006262e-16 0 1 0 
1 4.4408920985006262e-16 0 1 0 
1 6.2831853071795862 0 -1 0 
1 4.4408920985006262e-16 0 1 0 
1 2.2204460492503131e-16 0 1 0 
1 6.2831853071795862 0 -1 0 
1 -8.8817841970012523e-16 0 1 0 
1 0 0 1 0 
1 -4.4408920985006262e-16 0 1 0 
1 -4.4408920985006262e-16 0 1 0 
1 4.4408920985006262e-16 0 1 0 
1 6.2831853071795862 0 -1 0 
1 -2.2204460492503131e-16 0 1 0 
1 1.1102230246251565e-15 0 1 0 
1 6.2831853071795862 0 -1 0 
Curves 430
2 55.999999999999986 -36.000000000000007 10 0 0 1 0 -1 0 1 0 -0 4.0000000000000107
1 59.999999999999979 -25.500000000000021 10 0 -1 0 
2 58.499999999999986 -25.500000000000021 10 0 0 1 1 0 -0 -0 1 0 1.5
1 58.499999999999986 -24.000000000000021 10 -1 0 0 
2 56.499999999999979 -25.000000000000018 10 0 0 1 0 1 0 -1 0 0 0.999999999999999
1 55.499999999999979 -25.000000000000018 10 0 -1 0 
2 55.999999999999986 -26.500000000000021 10 0 0 1 -1 0 0 0 -1 0 0.499999999999999
1 55.999999999999986 -27.000000000000021 10 1 0 0 
2 57.549999999999983 -27.450000000000017 10 0 0 -1 -1 0 0 0 1 0 0.45000000000000001
1 57.999999999999979 -27.450000000000017 10 0 -1 0 
2 55.499999999999979 -27.500000000000018 10 0 0 -1 0 1 0 1 -0 0 2.5
1 55.499999999999986 -30.000000000000014 10 -1 0 0 
2 54.192388155399975 -25.000000000000018 10 0 0 -1 0.70710678118657799 0.70710678118651704 0 0.70710678118651704 -0.70710678118657799 0 5
1 50.656854249467081 -28.535533905932603 10 -0.70710678118659909 0.70710678118649606 0 
2 52.749999999899984 -23.557611844500016 10 0 0 -1 1 0 0 0 -1 0 5
1 47.749999999899984 -23.557611844500016 10 0 1 0 
2 52.749999999899984 -16.442388155400018 10 0 0 -1 0.70710678118654702 -0.70710678118654802 0 -0.70710678118654802 -0.70710678118654702 -0 5
1 49.214466093967253 -12.906854249467282 10 0.70710678121100301 0.70710678116209202 0 
2 54.192388155399975 -15.000000000000021 10 0 0 -1 0 -1 0 -1 -0 -0 5
1 54.192388155399975 -10.000000000000021 10 1 0 0 
2 55.5 -12.500000000000021 10 0 0 -1 -1 0 0 0 1 0 2.5
1 58 -12.500000000000021 10 0 -1 0 
2 57.549999999999997 -12.550000000000022 10 0 0 -1 0 1 0 1 -0 0 0.44999999999999901
1 57.549999999999997 -13.000000000000021 10 -1 0 0 
2 55.999999999999986 -13.500000000000018 10 0 0 1 0 1 0 -1 0 0 0.499999999999999
1 55.499999999999986 -13.500000000000018 10 0 -1 0 
2 56.499999999999979 -15.000000000000021 10 0 0 1 -1 0 0 0 -1 0 0.999999999999998
1 56.499999999999986 -16.000000000000021 10 1 0 0 
2 58.499999999999986 -14.50000000000002 10 0 0 1 0 -1 0 1 0 -0 1.5
1 59.999999999999993 14.499999999999975 10 0 -1 0 
2 58.500000000000007 14.499999999999984 10 0 0 1 1 0 -0 -0 1 0 1.5
1 58.500000000000007 15.99999999999998 10 -1 0 0 
2 56.499999999999993 14.999999999999982 10 0 0 1 0 1 0 -1 0 0 0.999999999999999
1 55.5 14.999999999999982 10 0 -1 0 
2 56.000000000000007 13.499999999999988 10 0 0 1 -1 0 0 0 -1 0 0.499999999999999
1 56.000000000000007 12.999999999999989 10 1 0 0 
2 57.549999999999997 12.549999999999981 10 0 0 -1 -1 0 0 0 1 0 0.45000000000000001
1 58 12.549999999999981 10 0 -1 0 
2 55.5 12.499999999999982 10 0 0 -1 0 1 0 1 -0 0 2.5
1 55.5 9.9999999999999822 10 -1 0 0 
2 54.192388155399989 14.999999999999982 10 0 0 -1 0.70710678118657799 0.70710678118651704 0 0.70710678118651704 -0.70710678118657799 0 5
1 50.656854249467102 11.464466094067397 10 -0.70710678118659609 0.70710678118649906 0 
2 52.749999999900005 16.442388155499987 10 0 0 -1 1 0 0 0 -1 0 5
1 47.749999999900005 16.442388155499991 10 0 1 0 
2 52.749999999900005 23.557611844599986 10 0 0 -1 0.70710678118654802 -0.70710678118654702 0 -0.70710678118654702 -0.70710678118654802 -0 5.0000000000000009
1 49.21446609396726 27.093145750532713 10 0.70710678121100301 0.70710678116209202 0 
2 54.192388155399989 24.999999999999982 10 0 0 -1 0 -1 0 -1 -0 -0 5
1 54.192388155399989 29.999999999999982 10 1 0 0 
2 55.5 27.499999999999982 10 0 0 -1 -1 0 0 0 1 0 2.5
1 58 27.499999999999982 10 0 -1 0 
2 57.549999999999997 27.449999999999992 10 0 0 -1 0 1 0 1 -0 0 0.44999999999999901
1 57.549999999999997 26.999999999999993 10 -1 0 0 
2 56.000000000000007 26.499999999999986 10 0 0 1 0 1 0 -1 0 0 0.499999999999999
1 55.500000000000007 26.499999999999986 10 0 -1 0 
2 56.499999999999993 24.999999999999982 10 0 0 1 -1 0 0 0 -1 0 0.999999999999998
1 56.499999999999993 23.999999999999986 10 1 0 0 
2 58.500000000000007 25.499999999999989 10 0 0 1 0 -1 0 1 0 -0 1.5
1 60 35.999999999999979 10 0 -1 0 
2 56.000000000000007 35.999999999999986 10 0 0 1 1 0 -0 -0 1 0 4.0000000000000107
1 45.5 39.999999999999972 10 1 0 0 
2 45.5 38.499999999999986 10 0 0 1 0 1 0 -1 0 0 1.5
1 43.999999999999993 38.499999999999986 10 0 -1 0 
2 44.999999999999993 36.499999999999986 10 0 0 1 -1 0 0 0 -1 0 0.999999999999999
1 44.999999999999993 35.499999999999979 10 1 0 0 
2 46.499999999999993 35.999999999999986 10 0 0 1 0 -1 0 1 0 -0 0.499999999999999
1 46.999999999999993 35.999999999999986 10 0 1 0 
2 47.450000000000003 37.549999999999983 10 0 0 -1 0 -1 0 -1 -0 -0 0.45000000000000001
1 47.450000000000003 37.999999999999979 10 1 1.421085e-13 0 
2 47.499999999999993 35.499999999999986 10 0 0 -1 -1 0 0 0 1 0 2.5
1 49.999999999999993 35.499999999999986 10 0 -1 0 
2 44.999999999999993 34.192388155399982 10 0 0 -1 -0.70710678118654802 0.70710678118654702 0 0.70710678118654702 0.70710678118654802 0 5
1 48.535533905932731 30.656854249467248 10 -0.70710678118649306 -0.70710678118660208 0 
2 43.557611844500002 32.749999999899984 10 0 0 -1 0 1 0 1 -0 0 5
1 43.557611844500002 27.749999999899984 10 -1 0 0 
2 36.442388155399989 32.749999999899984 10 0 0 -1 0.70710678118654702 0.70710678118654802 0 0.70710678118654802 -0.70710678118654702 0 5
1 32.906854249467251 29.214466093967246 10 -0.70710678116201309 0.70710678121108206 0 
2 34.999999999999993 34.192388155399982 10 0 0 -1 1 0 0 0 -1 0 5
1 29.999999999999993 34.192388155399982 10 0 1 0 
2 32.499999999999993 35.5 10 0 0 -1 0 -1 0 -1 -0 -0 2.5
1 32.499999999999993 38 10 1 0 0 
2 32.549999999999997 37.54999999999999 10 0 0 -1 -1 0 0 0 1 0 0.44999999999999901
1 33 37.54999999999999 10 0 -1 0 
2 33.499999999999986 35.999999999999986 10 0 0 1 -1 0 0 0 -1 0 0.499999999999999
1 33.499999999999986 35.499999999999986 10 1 0 0 
2 34.999999999999993 36.499999999999986 10 0 0 1 0 -1 0 1 0 -0 0.999999999999998
1 35.999999999999993 36.499999999999986 10 0 1 0 
2 34.5 38.499999999999986 10 0 0 1 1 0 -0 -0 1 0 1.5
1 5.5 39.999999999999979 10 1 0 0 
2 5.5000000000000071 38.500000000000007 10 0 0 1 0 1 0 -1 0 0 1.5
1 4.0000000000000062 38.500000000000007 10 0 -1 0 
2 5 36.5 10 0 0 1 -1 0 0 0 -1 0 0.999999999999999
1 4.9999999999999991 35.500000000000007 10 1 0 0 
2 6.5000000000000044 36.000000000000007 10 0 0 1 0 -1 0 1 0 -0 0.499999999999999
1 7.0000000000000018 36.000000000000007 10 0 1 0 
2 7.4500000000000099 37.54999999999999 10 0 0 -1 0 -1 0 -1 -0 -0 0.45000000000000001
1 7.4500000000000099 37.999999999999986 10 1 1.421085e-13 0 
2 7.5 35.5 10 0 0 -1 -1 0 0 0 1 0 2.5
1 10 35.5 10 0 -1 0 
2 5 34.192388155399996 10 0 0 -1 -0.70710678118654702 0.70710678118654802 0 0.70710678118654802 0.70710678118654702 0 5
1 8.5355339059327342 30.656854249467262 10 -0.707106781186567 -0.70710678118652803 0 
2 3.5576118445000038 32.749999999900005 10 0 0 -1 0 1 0 1 -0 0 5
1 3.5576118445000029 27.749999999900005 10 -1 0 0 
2 -3.5576118445999949 32.749999999900005 10 0 0 -1 0.70710678118654902 0.70710678118654602 0 0.70710678118654602 -0.70710678118654902 0 5
1 -7.0931457505327398 29.214466093967275 10 -0.70710678116201697 0.70710678121107795 0 
2 -5 34.192388155399996 10 0 0 -1 1 0 0 0 -1 0 5
1 -10 34.192388155399996 10 0 1 0 
2 -7.5 35.500000000000007 10 0 0 -1 0 -1 0 -1 -0 -0 2.5
1 -7.5 38.000000000000007 10 1 0 0 
2 -7.4500000000000011 37.549999999999997 10 0 0 -1 -1 0 0 0 1 0 0.44999999999999901
1 -7.0000000000000018 37.549999999999997 10 0 -1 0 
2 -6.4999999999999947 36.000000000000007 10 0 0 1 -1 0 0 0 -1 0 0.499999999999999
1 -6.4999999999999947 35.500000000000007 10 1 0 0 
2 -5 36.5 10 0 0 1 0 -1 0 1 0 -0 0.999999999999998
1 -4.0000000000000018 36.5 10 0 1 0 
2 -5.4999999999999982 38.500000000000007 10 0 0 1 1 0 -0 -0 1 0 1.5
1 -34.5 39.999999999999986 10 1 0 0 
2 -34.5 38.500000000000014 10 0 0 1 0 1 0 -1 0 0 1.5
1 -36 38.500000000000014 10 0 -1 0 
2 -35 36.500000000000014 10 0 0 1 -1 0 0 0 -1 0 0.999999999999999
1 -35 35.500000000000007 10 1 0 0 
2 -33.5 36.000000000000014 10 0 0 1 0 -1 0 1 0 -0 0.499999999999999
1 -33 36.000000000000014 10 0 1 0 
2 -32.549999999999997 37.550000000000011 10 0 0 -1 0 -1 0 -1 -0 -0 0.45000000000000001
1 -32.549999999999997 38.000000000000007 10 1 1.421085e-13 0 
2 -32.5 35.500000000000014 10 0 0 -1 -1 0 0 0 1 0 2.5
1 -30 35.500000000000014 10 0 -1 0 
2 -35 34.19238815540001 10 0 0 -1 -0.70710678118654802 0.70710678118654702 0 0.70710678118654702 0.70710678118654802 0 5
1 -31.464466094067266 30.656854249467276 10 -0.707106781186569 -0.70710678118652603 0 
2 -36.442388155500005 32.749999999900012 10 0 0 -1 0 1 0 1 -0 0 5
1 -36.442388155500005 27.749999999900016 10 -1 0 0 
2 -43.557611844600004 32.749999999900012 10 0 0 -1 0.70710678118654802 0.70710678118654702 0 0.70710678118654702 -0.70710678118654802 0 5
1 -47.093145750532742 29.214466093967275 10 -0.70710678116201309 0.70710678121108206 0 
2 -45 34.19238815540001 10 0 0 -1 1 0 0 0 -1 0 5
1 -50 34.19238815540001 10 0 1 0 
2 -47.5 35.500000000000028 10 0 0 -1 0 -1 0 -1 -0 -0 2.5
1 -47.5 38.000000000000028 10 1 0 0 
2 -47.450000000000003 37.550000000000018 10 0 0 -1 -1 0 0 0 1 0 0.44999999999999901
1 -47 37.550000000000018 10 0 -1 0 
2 -46.5 36.000000000000014 10 0 0 1 -1 0 0 0 -1 0 0.499999999999999
1 -46.5 35.500000000000014 10 1 0 0 
2 -45 36.500000000000014 10 0 0 1 0 -1 0 1 0 -0 0.999999999999998
1 -44 36.500000000000014 10 0 1 0 
2 -45.5 38.500000000000014 10 0 0 1 1 0 -0 -0 1 0 1.5
1 -56 39.999999999999993 10 1 0 0 
2 -55.999999999999986 36.000000000000021 10 0 0 1 0 1 0 -1 0 0 4.0000000000000107
1 -59.999999999999993 25.500000000000028 10 0 1 0 
2 -58.500000000000007 25.500000000000025 10 0 0 1 -1 0 0 0 -1 0 1.5
1 -58.500000000000014 24.000000000000021 10 1 0 0 
2 -56.5 25.000000000000018 10 0 0 1 0 -1 0 1 0 -0 0.999999999999999
1 -55.500000000000007 25.000000000000018 10 0 1 0 
2 -56.000000000000007 26.500000000000021 10 0 0 1 1 0 -0 -0 1 0 0.499999999999999
1 -56.000000000000007 27.000000000000021 10 -1 0 0 
2 -57.550000000000018 27.450000000000028 10 0 0 -1 1 0 0 0 -1 0 0.45000000000000001
1 -58.000000000000014 27.450000000000028 10 0 1 0 
2 -55.500000000000014 27.500000000000018 10 0 0 -1 0 -1 0 -1 -0 -0 2.5
1 -55.500000000000014 30.000000000000018 10 1 0 0 
2 -54.192388155400025 25.000000000000018 10 0 0 -1 -0.70710678118654757 -0.70710678118654757 -0 -0.70710678118654757 0.70710678118654757 0 5
1 -50.656854249467287 28.535533905932759 10 0.70710678118653103 -0.707106781186564 0 
2 -52.749999999900041 23.557611844500023 10 0 0 -1 -1 0 0 0 1 0 5
1 -47.749999999900034 23.557611844500023 10 0 -1 0 
2 -52.749999999900041 16.442388155400025 10 0 0 -1 -0.70710678118654602 0.70710678118654902 0 0.70710678118654902 0.70710678118654602 0 5
1 -49.21446609396731 12.906854249467282 10 -0.70710678121106596 -0.70710678116202896 0 
2 -54.192388155400039 15.000000000000018 10 0 0 -1 0 1 0 1 -0 0 5
1 -54.192388155400039 10.000000000000018 10 -1 0 0 
2 -55.500000000000014 12.500000000000018 10 0 0 -1 1 0 0 0 -1 0 2.5
1 -58.000000000000014 12.500000000000018 10 0 1 0 
2 -57.550000000000018 12.550000000000017 10 0 0 -1 0 -1 0 -1 -0 -0 0.44999999999999901
1 -57.550000000000018 13.000000000000016 10 1 0 0 
2 -56.000000000000007 13.500000000000023 10 0 0 1 0 -1 0 1 0 -0 0.499999999999999
1 -55.500000000000007 13.500000000000023 10 0 1 0 
2 -56.5 15.000000000000018 10 0 0 1 1 0 -0 -0 1 0 0.999999999999998
1 -56.5 16.000000000000014 10 -1 0 0 
2 -58.500000000000007 14.50000000000002 10 0 0 1 0 1 0 -1 0 0 1.5
1 -59.999999999999979 -14.499999999999979 10 0 1 0 
2 -58.500000000000028 -14.499999999999979 10 0 0 1 -1 0 0 0 -1 0 1.5
1 -58.500000000000028 -15.999999999999979 10 1 0 0 
2 -56.500000000000028 -14.999999999999982 10 0 0 1 0 -1 0 1 0 -0 0.999999999999999
1 -55.500000000000036 -14.999999999999982 10 0 1 0 
2 -56.000000000000028 -13.499999999999979 10 0 0 1 1 0 -0 -0 1 0 0.499999999999999
1 -56.000000000000028 -12.99999999999998 10 -1 0 0 
2 -57.55000000000004 -12.549999999999981 10 0 0 -1 1 0 0 0 -1 0 0.45000000000000001
1 -58.000000000000043 -12.549999999999981 10 0 1 0 
2 -55.500000000000043 -12.499999999999982 10 0 0 -1 0 -1 0 -1 -0 -0 2.5
1 -55.500000000000043 -9.9999999999999822 10 1 0 0 
2 -54.19238815540006 -14.999999999999982 10 0 0 -1 -0.70710678118654757 -0.70710678118654757 -0 -0.70710678118654757 0.70710678118654757 0 5
1 -50.656854249467322 -11.464466094067243 10 0.70710678118653902 -0.70710678118655601 0 
2 -52.749999999900055 -16.442388155499987 10 0 0 -1 -1 0 0 0 1 0 5
1 -47.749999999900062 -16.442388155499991 10 0 -1 0 
2 -52.749999999900055 -23.557611844599986 10 0 0 -1 -0.70710678118654702 0.70710678118654802 0 0.70710678118654802 0.70710678118654702 0 5.0000000000000009
1 -49.214466093967332 -27.093145750532727 10 -0.70710678121106896 -0.70710678116202597 0 
2 -54.192388155400067 -24.999999999999982 10 0 0 -1 0 1 0 1 -0 0 5
1 -54.192388155400067 -29.999999999999982 10 -1 0 0 
2 -55.50000000000005 -27.499999999999982 10 0 0 -1 1 0 0 0 -1 0 2.5
1 -58.00000000000005 -27.499999999999982 10 0 1 0 
2 -57.550000000000054 -27.449999999999982 10 0 0 -1 0 -1 0 -1 -0 -0 0.44999999999999901
1 -57.550000000000054 -26.999999999999986 10 1 0 0 
2 -56.000000000000028 -26.499999999999986 10 0 0 1 0 -1 0 1 0 -0 0.499999999999999
1 -55.500000000000036 -26.499999999999986 10 0 1 0 
2 -56.500000000000028 -24.999999999999982 10 0 0 1 1 0 -0 -0 1 0 0.999999999999998
1 -56.500000000000043 -23.999999999999986 10 -1 0 0 
2 -58.500000000000043 -25.499999999999979 10 0 0 1 0 1 0 -1 0 0 1.5
1 -59.999999999999972 -35.999999999999986 10 0 1 0 
2 -56.000000000000021 -35.999999999999986 10 0 0 1 -1 0 0 0 -1 0 4
1 -45.500000000000028 -40 10 -1 0 0 
2 -45.500000000000028 -38.499999999999986 10 0 0 1 0 -1 0 1 0 -0 1.5
1 -44.000000000000021 -38.499999999999986 10 0 1 0 
2 -45.000000000000028 -36.499999999999986 10 0 0 1 1 0 -0 -0 1 0 0.999999999999999
1 -45.000000000000028 -35.499999999999979 10 -1 0 0 
2 -46.500000000000021 -35.999999999999986 10 0 0 1 0 1 0 -1 0 0 0.499999999999999
1 -47.000000000000028 -35.999999999999986 10 0 -1 0 
2 -47.450000000000031 -37.549999999999997 10 0 0 -1 0 1 0 1 -0 0 0.45000000000000001
1 -47.450000000000031 -37.999999999999993 10 -1 0 0 
2 -47.500000000000028 -35.5 10 0 0 -1 1 0 0 0 -1 0 2.5
1 -50.000000000000028 -35.5 10 0 1 0 
2 -45.000000000000028 -34.19238815540001 10 0 0 -1 0.70710678118654502 -0.70710678118655002 0 -0.70710678118655002 -0.70710678118654502 -0 5.0000000000000009
1 -48.535533905932745 -30.656854249467258 10 0.70710678118656101 0.70710678118653403 0 
2 -43.557611844500023 -32.74999999990002 10 0 0 -1 0 -1 0 -1 -0 -0 5
1 -43.557611844500023 -27.749999999900016 10 1 0 0 
2 -36.442388155400025 -32.74999999990002 10 0 0 -1 -0.70710678118654902 -0.70710678118654602 -0 -0.70710678118654602 0.70710678118654902 0 5
1 -32.90685424946728 -29.214466093967292 10 0.70710678116202852 -0.70710678121106652 0 
2 -35.000000000000028 -34.192388155400025 10 0 0 -1 -1 0 0 0 1 0 5
1 -30.000000000000028 -34.192388155400025 10 0 -1 0 
2 -32.500000000000028 -35.5 10 0 0 -1 0 1 0 1 -0 0 2.5
1 -32.500000000000028 -38 10 -1 0 0 
2 -32.550000000000026 -37.550000000000004 10 0 0 -1 1 0 0 0 -1 0 0.44999999999999901
1 -33.000000000000028 -37.550000000000004 10 0 1 0 
2 -33.500000000000021 -35.999999999999993 10 0 0 1 1 0 -0 -0 1 0 0.499999999999999
1 -33.500000000000021 -35.499999999999993 10 -1 0 0 
2 -35.000000000000028 -36.499999999999993 10 0 0 1 0 1 0 -1 0 0 0.999999999999998
1 -36.000000000000021 -36.499999999999993 10 0 -1 0 
2 -34.500000000000021 -38.499999999999993 10 0 0 1 -1 0 0 0 -1 0 1.5
1 -5.5000000000000284 -40 10 -1 0 0 
2 -5.5000000000000249 -38.5 10 0 0 1 0 -1 0 1 0 -0 1.5
1 -4.000000000000024 -38.5 10 0 1 0 
2 -5.0000000000000266 -36.5 10 0 0 1 1 0 -0 -0 1 0 0.999999999999999
1 -5.0000000000000266 -35.5 10 -1 0 0 
2 -6.5000000000000213 -36 10 0 0 1 0 1 0 -1 0 0 0.499999999999999
1 -7.0000000000000204 -36 10 0 -1 0 
2 -7.4500000000000277 -37.550000000000011 10 0 0 -1 0 1 0 1 -0 0 0.45000000000000001
1 -7.4500000000000277 -38.000000000000007 10 -1 0 0 
2 -7.5000000000000266 -35.500000000000007 10 0 0 -1 1 0 0 0 -1 0 2.5
1 -10.000000000000027 -35.500000000000007 10 0 1 0 
2 -5.0000000000000266 -34.192388155400018 10 0 0 -1 0.70710678118654402 -0.70710678118655101 0 -0.70710678118655101 -0.70710678118654402 -0 5
1 -8.5355339059327484 -30.656854249467266 10 0.707106781186563 0.70710678118653203 0 
2 -3.557611844500022 -32.749999999900027 10 0 0 -1 0 -1 0 -1 -0 -0 5
1 -3.5576118445000211 -27.749999999900027 10 1 0 0 
2 3.5576118445999771 -32.749999999900034 10 0 0 -1 -0.70710678118654802 -0.70710678118654702 -0 -0.70710678118654702 0.70710678118654802 0 5
1 7.093145750532714 -29.214466093967303 10 0.70710678116202597 -0.70710678121106896 0 
2 4.9999999999999734 -34.192388155400039 10 0 0 -1 -1 0 0 0 1 0 5
1 9.9999999999999734 -34.192388155400039 10 0 -1 0 
2 7.4999999999999734 -35.500000000000014 10 0 0 -1 0 1 0 1 -0 0 2.5
1 7.4999999999999734 -38.000000000000014 10 -1 0 0 
2 7.4499999999999833 -37.550000000000018 10 0 0 -1 1 0 0 0 -1 0 0.44999999999999901
1 6.999999999999984 -37.550000000000018 10 0 1 0 
2 6.4999999999999769 -36.000000000000007 10 0 0 1 1 0 -0 -0 1 0 0.499999999999999
1 6.4999999999999769 -35.500000000000007 10 -1 0 0 
2 4.9999999999999734 -36.5 10 0 0 1 0 1 0 -1 0 0 0.999999999999998
1 3.999999999999976 -36.5 10 0 -1 0 
2 5.4999999999999813 -38.500000000000007 10 0 0 1 -1 0 0 0 -1 0 1.5
1 34.499999999999986 -40 10 -1 0 0 
2 34.499999999999986 -38.500000000000014 10 0 0 1 0 -1 0 1 0 -0 1.5
1 35.999999999999979 -38.500000000000014 10 0 1 0 
2 34.999999999999972 -36.500000000000014 10 0 0 1 1 0 -0 -0 1 0 0.999999999999999
1 34.999999999999972 -35.500000000000007 10 -1 0 0 
2 33.499999999999972 -36.000000000000014 10 0 0 1 0 1 0 -1 0 0 0.499999999999999
1 32.999999999999979 -36.000000000000014 10 0 -1 0 
2 32.549999999999983 -37.550000000000018 10 0 0 -1 0 1 0 1 -0 0 0.45000000000000001
1 32.549999999999983 -38.000000000000021 10 -1 0 0 
2 32.499999999999972 -35.500000000000028 10 0 0 -1 1 0 0 0 -1 0 2.5
1 29.999999999999972 -35.500000000000028 10 0 1 0 
2 34.999999999999972 -34.192388155400039 10 0 0 -1 0.70710678118654402 -0.70710678118655101 0 -0.70710678118655101 -0.70710678118654402 -0 5
1 31.464466094067252 -30.656854249467283 10 0.707106781186563 0.70710678118653203 0 
2 36.442388155499977 -32.749999999900041 10 0 0 -1 0 -1 0 -1 -0 -0 5
1 36.442388155499977 -27.749999999900044 10 1 0 0 
2 43.557611844599975 -32.749999999900048 10 0 0 -1 -0.707106781186575 -0.70710678118652004 -0 -0.70710678118652004 0.707106781186575 0 5
1 47.093145750532848 -29.214466093967449 10 0.70710678116210857 -0.70710678121098658 0 
2 44.999999999999972 -34.192388155400046 10 0 0 -1 -1 0 0 0 1 0 5
1 49.999999999999972 -34.192388155400046 10 0 -1 0 
2 47.499999999999972 -35.500000000000028 10 0 0 -1 0 1 0 1 -0 0 2.5
1 47.499999999999972 -38.000000000000028 10 -1 0 0 
2 47.449999999999982 -37.550000000000033 10 0 0 -1 1 0 0 0 -1 0 0.44999999999999901
1 46.999999999999986 -37.550000000000033 10 0 1 0 
2 46.499999999999979 -36.000000000000021 10 0 0 1 1 0 -0 -0 1 0 0.499999999999999
1 46.499999999999979 -35.500000000000028 10 -1 0 0 
2 44.999999999999972 -36.500000000000014 10 0 0 1 0 1 0 -1 0 0 0.999999999999998
1 43.999999999999979 -36.500000000000014 10 0 -1 0 
2 45.499999999999979 -38.500000000000021 10 0 0 1 -1 0 0 0 -1 0 1.5
1 55.999999999999986 -40 10 -1 0 0 
1 7.7485390000001599 -23.276230999999914 10 0 1 0 
2 12.748547598291777 -16.585274373394199 10 0 0 -1 0.70710730367522401 -0.707106258697485 0 -0.707106258697485 -0.70710730367522401 -0 5.0000085982929399
1 9.2130049999999208 -13.049737000000025 10 0.70710678118655701 0.70710678118653802 0 
2 19.998539000000093 -5.7997343586904071 10 0 0 -1 -0.70710730944868971 -0.70710625292401064 -0 -0.70710625292401064 0.70710730944868971 0 2.4999981988282598
1 21.766306000000117 -4.0319700000001806 10 0.70710678118655312 -0.70710678118654202 0 
2 27.248530401708287 -16.585274373394313 10 0 0 -1 -0.9999999999997724 -6.7467768000000032e-07 -0 -6.7467768000000032e-07 0.9999999999997724 0 5.0000085982929399
1 32.248539000000093 -16.585271000000112 10 0 -1 0 
2 27.248530401708287 -23.276227626605809 10 0 0 -1 -0.70710730367521601 0.707106258697493 0 0.707106258697493 0.70710730367521601 0 5.0000085982929496
1 30.784073000000113 -26.811765000000037 10 -0.70710692142609965 -0.70710664094696762 0 
2 31.798547598291862 -32.868369373394025 10 0 0 1 -0.70710730367521402 0.70710625869749499 0 -0.70710625869749499 -0.70710730367521402 0 5.0000085982928013
1 26.798539000000194 -32.868365999999888 10 1.1223319999999998e-13 -1 0 
2 24.298540867688196 -33.501462867687991 10 0 0 -1 7.4707572600000005e-07 0.999999999999721 0 0.999999999999721 -7.4707572600000005e-07 0 2.49999813231274
1 24.298539000000275 -36.001461000000027 10 -1 0 0 
2 15.698537132312174 -33.501462867687977 10 0 0 -1 0.999999999999721 -7.4707571500000001e-07 0 -7.4707571500000001e-07 -0.999999999999721 -0 2.4999981323127498
1 13.198539000000119 -33.501461000000084 10 0 1 0 
2 8.1985304017084726 -32.868369373393996 10 0 0 1 0.9999999999997724 6.7467766100000036e-07 -0 -6.7467766100000036e-07 0.9999999999997724 0 5.00000859829278
1 11.734073000000183 -29.332831999999897 10 -0.70710692142610754 0.70710664094695952 0 
2 12.748547598291982 -23.276227626605809 10 0 0 -1 0.9999999999997724 6.7467766100000036e-07 0 6.7467766100000036e-07 -0.9999999999997724 0 5.0000085982929594
1 32.251460999999814 23.276230999999889 10 0 -1 0 
2 27.251452401708185 16.585274373394185 10 0 0 -1 -0.707107303675237 0.70710625869747201 0 0.70710625869747201 0.707107303675237 0 5.0000085982929399
1 30.786995000000111 13.049737000000071 10 -0.70710678118655701 -0.70710678118653802 0 
2 20.001460999999885 5.7997343586903938 10 0 0 -1 0.70710730944868971 0.70710625292401064 0 0.70710625292401064 -0.70710730944868971 0 2.4999981988282598
1 18.233693999999865 4.0319700000001681 10 -0.70710678118654902 0.70710678118654602 0 
2 12.751469598291703 16.585274373394292 10 0 0 -1 0.9999999999997724 6.7467767700000031e-07 0 6.7467767700000031e-07 -0.9999999999997724 0 5.0000085982929399
1 7.7514609999999022 16.585271000000105 10 0 1 0 
2 12.751469598291703 23.276227626605799 10 0 0 -1 0.70710730367521757 -0.70710625869749155 0 -0.70710625869749155 -0.70710730367521757 -0 5.0000085982929514
1 9.2159269999998727 26.811765000000019 10 0.7071069214260991 0.70710664094696818 0 
2 8.2014524017081136 32.868369373394003 10 0 0 1 0.70710730367521502 -0.70710625869749399 0 0.70710625869749399 0.70710730367521502 -0 5.0000085982928013
1 13.201460999999775 32.868365999999895 10 0 1 0 
2 15.701459132311788 33.501462867687984 10 0 0 -1 -7.4707572799999995e-07 -0.999999999999721 -0 -0.999999999999721 7.4707572799999995e-07 0 2.49999813231274
1 15.701460999999712 36.001461000000027 10 1 0 0 
2 24.301462867687789 33.501462867687984 10 0 0 -1 -0.999999999999721 7.4707571700000002e-07 0 7.4707571700000002e-07 0.999999999999721 0 2.4999981323127498
1 26.801460999999843 33.501461000000091 10 0 -1 0 
2 31.80146959829149 32.868369373394003 10 0 0 1 -0.9999999999997724 -6.7467766100000036e-07 0 6.7467766100000036e-07 -0.9999999999997724 0 5.00000859829278
1 28.265926999999792 29.332831999999886 10 0.70710692142610609 -0.70710664094696107 0 
2 27.251452401707994 23.276227626605799 10 0 0 -1 -0.9999999999997724 -6.7467765700000035e-07 -0 -6.7467765700000035e-07 0.9999999999997724 0 5.0000085982929594
1 58.19999999999699 35.999999999996589 10 0 -1 0 
2 57.69999999999699 32.299999999990185 10 0 0 -1 -6.0218499999999998e-12 1 0 1 6.0218499999999998e-12 0 0.499999999999999
1 57.700000000000003 31.799999999990192 10 -1 0 0 
2 52.299999999999997 32.299999999990192 10 0 0 -1 1 0 0 0 -1 0 0.500000000000002
1 51.79999999999999 32.299999999990192 10 0 1 0 
2 52.299999999999997 37.699999999990979 10 0 0 -1 1.9895200000000002e-12 -1 0 -1 -1.9895200000000002e-12 -0 0.499999999999995
1 52.299999999999002 38.199999999990972 10 1 0 0 
2 55.999999999997002 35.999999999990976 10 0 0 -1 -1 -2.551494e-12 -0 -2.551494e-12 1 0 2.19999999999999
1 -55.999999999996589 38.199999999996606 10 1 0 0 
2 -52.29999999999022 37.699999999996614 10 0 0 -1 -1 -6.8212100000000002e-12 -0 -6.8212100000000002e-12 1 0 0.499999999999999
1 -51.799999999990206 37.700000000000024 10 0 -1 0 
2 -52.299999999990206 32.300000000000026 10 0 0 -1 0 1 0 1 -0 0 0.500000000000002
1 -52.299999999990206 31.800000000000022 10 -1 0 0 
2 -57.699999999990979 32.300000000000026 10 0 0 -1 1 1.4033220000000001e-12 0 1.4033220000000001e-12 -1 0 0.499999999999995
1 -58.199999999990979 32.299999999999322 10 0 1 0 
2 -55.99999999999099 35.999999999996618 10 0 0 -1 2.5434200000000001e-12 -1 0 -1 -2.5434200000000001e-12 -0 2.19999999999999
2 -40 20.000000000000007 10 0 0 -1 -1 0 0 0 1 0 3.3999999999999999
2 -8.8817839999999998e-15 20 10 0 0 -1 -1 0 0 0 1 0 3.3999999999999999
2 39.999999999999993 19.999999999999982 10 0 0 -1 -1 0 0 0 1 0 3.3999999999999999
2 39.999999999999972 -20.000000000000018 10 0 0 -1 -1 0 0 0 1 0 3.3999999999999999
2 -1.7763569999999999e-14 -20 10 0 0 -1 -1 0 0 0 1 0 3.3999999999999999
2 -40.000000000000014 -19.999999999999989 10 0 0 -1 -1 0 0 0 1 0 3.3999999999999999
1 -58.199999999999989 -35.999999999996575 10 0 1 0 
2 -57.699999999999989 -32.299999999990192 10 0 0 -1 0 -1 0 -1 -0 -0 0.499999999999999
1 -57.699999999999989 -31.799999999990192 10 1 0 0 
2 -52.300000000003379 -32.299999999990192 10 0 0 -1 -1 0 0 0 1 0 0.500000000000002
1 -51.800000000003379 -32.299999999990185 10 0 -1 0 
2 -52.300000000003379 -37.699999999990958 10 0 0 -1 -1.527667e-12 1 0 1 1.527667e-12 0 0.499999999999995
1 -52.300000000002612 -38.199999999990951 10 -1 0 0 
2 -56 -35.999999999990976 10 0 0 -1 1 2.5454389999999999e-12 0 2.5454389999999999e-12 -1 0 2.19999999999999
1 55.999999999996987 -38.199999999999974 10 -1 0 0 
2 52.299999999989979 -37.699999999999974 10 0 0 -1 1 0 0 0 -1 0 0.499999999999999
1 51.799999999989979 -37.699999999999974 10 0 1 0 
2 52.299999999989979 -32.300000000000033 10 0 0 -1 0 -1 0 -1 -0 -0 0.500000000000002
1 52.299999999989979 -31.800000000000022 10 1 0 0 
2 57.699999999990979 -32.300000000000033 10 0 0 -1 -1 5.1603170000000003e-12 0 5.1603170000000003e-12 1 0 0.499999999999995
1 58.199999999990951 -32.300000000002612 10 0 -1 0 
2 55.999999999990962 -35.999999999999986 10 0 0 -1 -2.737204e-12 1 0 1 2.737204e-12 0 2.19999999999999
1 43.276230999999996 -12.251460999999839 10 -1 0 0 
2 36.585274373394199 -7.2514524017082094 10 0 0 -1 0.70710625869747401 0.707107303675235 0 0.707107303675235 -0.70710625869747401 0 5.0000085982929399
1 33.049737000000079 -10.786995000000124 10 -0.70710678118653902 0.70710678118655601 0 
2 25.799734358690401 -0.0014609999999050001 10 0 0 -1 0.70710625292401119 -0.70710730944868927 0 -0.70710730944868927 -0.70710625292401119 -0 2.4999981988282598
1 24.031970000000175 1.766306000000115 10 0.70710678118654602 0.70710678118654891 0 
2 36.585274373394306 7.2485304017082894 10 0 0 -1 6.7467768100000033e-07 -0.9999999999997724 0 -0.9999999999997724 -6.7467768100000033e-07 -0 5.0000085982929399
1 36.585271000000105 12.248539000000092 10 1 0 0 
2 43.276227626605987 7.2485304017082894 10 0 0 -1 -0.70710625869747501 -0.707107303675234 -0 -0.707107303675234 0.70710625869747501 0 5.0000085982929514
1 46.811765000000122 10.784073000000209 10 0.70710664094695652 -0.70710692142611054 0 
2 52.868369373393989 11.798547598291886 10 0 0 1 -0.707106258697483 -0.70710730367522601 0 0.70710730367522601 -0.707106258697483 0 5.0000085982928013
1 52.868366000000002 6.7985390000002246 10 1 1.010099e-13 0 
2 53.501462867687984 4.2985408676881853 10 0 0 -1 -0.999999999999721 7.4707592000000001e-07 0 7.4707592000000001e-07 0.999999999999721 0 2.49999813231274
1 56.001461000000546 4.2985389999997814 10 0 -1 0 
2 53.501462867687984 -4.3014628676878184 10 0 0 -1 7.4707574900000003e-07 0.999999999999721 0 0.999999999999721 -7.4707574900000003e-07 0 2.4999981323127498
1 53.501461000000006 -6.8014609999998701 10 -1 0 0 
2 52.868369373393989 -11.801469598291515 10 0 0 1 -6.7467763800000028e-07 0.9999999999997724 0 -0.9999999999997724 -6.7467763800000028e-07 0 5.00000859829278
1 49.332831999999954 -8.2659269999997615 10 -0.70710664094696307 -0.7071069214261041 0 
2 43.276227626605987 -7.2514524017080184 10 0 0 -1 -6.7467764200000029e-07 0.9999999999997724 0 0.9999999999997724 6.7467764200000029e-07 0 5.0000085982929594
1 -28.265927000000051 -29.332832000000057 10 -0.70710692142607412 0.70710664094699316 0 
2 -27.251452401708121 -23.276227626605895 10 0 0 -1 0.9999999999997724 6.7467765800000035e-07 0 6.7467765800000035e-07 -0.9999999999997724 0 5.0000085982928892
1 -32.251460999999871 -23.276230999999989 10 0 1 0 
1 -32.251460999999914 -16.035733000000189 10 -0.7071066877594554 0.70710687461362742 0 
1 -36.035731999999918 -12.251460999999992 10 -1 0 0 
2 -43.27622662660572 -7.2514524017082849 10 0 0 -1 0.707106258697481 0.707107303675228 0 0.707107303675228 -0.707106258697481 0 5.0000085982928288
1 -46.811763999999798 -10.786995000000079 10 -0.70710692142609421 0.70710664094697306 0 
2 -52.868370580503345 -11.801470098291681 10 0 0 1 0.70710642940829405 0.70710713296462602 -0 -0.70710713296462602 0.70710642940829405 0 5.0000090982938508
1 -52.868365999999895 -6.8014609999999278 10 -1 0 0 
2 -53.501462867687913 -4.3014628676878841 10 0 0 -1 0.999999999999721 -7.4707571900000003e-07 0 -7.4707571900000003e-07 -0.999999999999721 -0 2.4999981323127498
1 -56.001460999999964 -4.3014609999999829 10 0 1 0 
2 -53.50146286768792 4.2985408676879189 10 0 0 -1 -7.4707574600000002e-07 -0.999999999999721 -0 -0.999999999999721 7.4707574600000002e-07 0 2.49999813231274
1 -53.501460999999956 6.7985389999999608 10 1 0 0 
2 -52.868369373394003 11.798547598291638 10 0 0 1 6.7467766600000027e-07 -0.9999999999997724 0 0.9999999999997724 6.7467766600000027e-07 -0 5.0000085982928084
1 -49.332831999999939 8.2630049999998576 10 0.70710692142611309 0.70710664094695419 0 
2 -43.276225419496306 7.2485299017081051 10 0 0 -1 9.1609905400000038e-07 -0.99999999999958045 0 -0.99999999999958045 -9.1609905400000038e-07 -0 5.0000090982939094
1 -43.276229999999913 12.248538999999919 10 1 0 0 
1 -36.035731999999911 12.248538999999916 10 0.70710678118655701 0.70710678118653802 0 
1 -32.251460999999907 16.032809999999813 10 0 1 0 
2 -27.251452401708104 23.273304626605515 10 0 0 -1 0.70710730367521601 -0.707106258697493 0 -0.707106258697493 -0.70710730367521601 -0 5.0000085982928706
1 -30.786994999999873 26.808841999999689 10 0.70710692142605713 0.70710664094701003 0 
2 -31.801469598291799 32.865446373393922 10 0 0 1 0.70710730367522301 -0.707106258697486 0 0.707106258697486 0.70710730367522301 -0 5.0000085982928484
1 -26.801461000000089 32.865442999999814 10 1.2906800000000001e-13 1 0 
2 -24.301462867687999 33.498540867687908 10 0 0 -1 -7.4707575799999995e-07 -0.999999999999721 -0 -0.999999999999721 7.4707575799999995e-07 0 2.49999813231274
1 -24.301461 35.998538999999951 10 1 0 0 
2 -15.701459132312001 33.4985408676879 10 0 0 -1 -0.999999999999721 7.4707572300000004e-07 0 7.4707572300000004e-07 0.999999999999721 0 2.4999981323127498
1 -13.201460999999949 33.498538999999987 10 0 -1 0 
2 -8.2014524017082913 32.865446373393908 10 0 0 1 -0.9999999999997724 -6.7467766100000036e-07 0 6.7467766100000036e-07 -0.9999999999997724 0 5.0000085982928706
1 -11.736995000000054 29.329908999999734 10 0.70710692142606657 -0.7071066409470006 0 
2 -12.751469598291907 23.273304626605409 10 0 0 -1 -0.9999999999997724 -6.7467766700000028e-07 -0 -6.7467766700000028e-07 0.9999999999997724 0 5.0000085982929008
1 -7.7514610000001447 23.273307999999545 10 0 -1 0 
1 -7.7514610000002051 16.032809999999806 10 0.70710678118655701 -0.70710678118653802 0 
1 -3.9671900000002069 12.248538999999905 10 1 0 0 
2 3.4147249194964062 7.2485311088172999 10 0 0 -1 -0.70710650011903464 -0.7071070622539487 -0 -0.7071070622539487 0.70710650011903464 0 5.0000078911852199
1 6.9502629999999428 10.784071999999844 10 0.70710678118654302 -0.70710678118655201 0 
2 14.200266141308884 -0.0014615000002039999 10 0 0 -1 -0.70710625292402118 0.70710730944867917 0 0.70710730944867917 0.70710625292402118 0 2.49999749172202
1 15.96802999999989 -1.7692280000002081 10 -0.70710678118654802 -0.70710678118654702 0 
2 3.4147261266057871 -7.2514536088175019 10 0 0 -1 -7.7467768800000003e-07 0.99999999999970002 0 0.99999999999970002 7.7467768800000003e-07 0 5.0000073911840603
1 3.414729999999953 -12.251461000000061 10 -1 0 0 
1 -3.9671900000002132 -12.251461000000003 10 -0.70710668775944585 -0.70710687461363686 0 
1 -7.7514610000002113 -16.035733000000295 10 0 -1 0 
2 -12.751469598291916 -23.276227626605998 10 0 0 -1 -0.70710730367521102 0.70710625869749799 0 0.70710625869749799 0.70710730367521102 0 5.0000085982928306
1 -9.2159270000002032 -26.811765000000165 10 -0.70710692142610265 -0.70710664094696463 0 
2 -8.2014524017083179 -32.868369373394188 10 0 0 1 -0.70710730367521701 0.707106258697492 0 -0.707106258697492 -0.70710730367521701 0 5.0000085982928404
1 -13.201461000000023 -32.868366000000051 10 0 -1 0 
2 -15.701459132312126 -33.501462867688147 10 0 0 -1 7.4707574600000002e-07 0.999999999999721 0 0.999999999999721 -7.4707574600000002e-07 0 2.49999813231274
1 -15.701461000000094 -36.001461000000184 10 -1 0 0 
2 -24.301462867688027 -33.501462867688147 10 0 0 -1 0.999999999999721 -7.4707571900000003e-07 0 -7.4707571900000003e-07 -0.999999999999721 -0 2.49999813231274
1 -26.801461000000067 -33.501461000000241 10 0 1 0 
2 -31.801469598291817 -32.868369373394188 10 0 0 1 0.9999999999997724 6.7467766900000028e-07 -0 -6.7467766900000028e-07 0.9999999999997724 0 5.0000085982928484
Polygon3D 0
PolygonOnTriangulations 0
Surfaces 431
1 -2.220446e-15 -7.5091450000000003e-15 10 0 0 1 1 0 -0 -0 1 0 
2 55.999999999999986 -36.000000000000007 10 0 0 -1 0 -1 0 -1 -0 -0 4.0000000000000107
1 60 39.999999999999964 0 1 0 0 0 0 -1 -0 1 0 
2 58.499999999999986 -25.500000000000021 10 0 0 -1 1 0 0 0 -1 0 1.5
1 58.499999999999986 -24.000000000000021 10 0 1 0 0 -0 1 1 0 -0 
2 56.499999999999979 -25.000000000000018 10 0 0 -1 0 1 0 1 -0 0 0.999999999999999
1 55.499999999999979 -25.000000000000018 10 -1 0 0 0 0 1 0 1 -0 
2 55.999999999999986 -26.500000000000021 10 0 0 -1 -1 0 0 0 1 0 0.499999999999999
1 55.999999999999986 -27.000000000000021 10 0 -1 0 0 0 -1 1 0 0 
2 57.549999999999983 -27.450000000000017 10 0 0 -1 -1 0 0 0 1 0 0.45000000000000001
1 57.999999999999979 -27.450000000000017 10 -1 0 0 0 0 1 0 1 -0 
2 55.499999999999979 -27.500000000000018 10 0 0 -1 0 1 0 1 -0 0 2.5
1 55.499999999999979 -30.000000000000018 10 0 1 0 0 -0 1 1 0 -0 
2 54.192388155399975 -25.000000000000018 10 0 0 -1 0.70710678118657799 0.70710678118651704 0 0.70710678118651704 -0.70710678118657799 0 5
1 50.656854249467081 -28.535533905932606 10 0.70710678118649606 0.70710678118659909 0 0 0 -1 -0.70710678118659909 0.70710678118649606 0 
2 52.749999999899984 -23.557611844500016 10 0 0 -1 1 0 0 0 -1 0 5
