DBRep_DrawableShape

CASCADE Topology V1, (c) Matra-Datavision
Locations 0
Curve2ds 37
1 6.2831853071795862 0 -1 0 
1 6.2831853071795862 0 -1 0 
1 6.2831853071795845 0 -1 0 
1 0 0 1 0 
1 0 0 1 0 
1 0 0 1 0 
1 0 0 1 0 
1 0 0 1 0 
1 6.2831853071795862 0 -1 0 
1 6.2831853071795862 0 -1 0 
1 6.2831853071795862 0 -1 0 
1 6.2831853071795845 0 -1 0 
1 0 0 1 0 
1 0 0 1 0 
1 0 0 1 0 
1 0 0 1 0 
1 0 0 1 0 
1 6.2831853071795862 0 -1 0 
1 6.2831853071795862 0 -1 0 
1 6.2831853071795862 0 -1 0 
1 6.2831853071795862 0 -1 0 
1 0 0 1 0 
1 0 0 1 0 
1 0 0 1 0 
1 0 0 1 0 
1 0 0 1 0 
1 6.2831853071795845 0 -1 0 
1 6.2831853071795862 0 -1 0 
1 6.2831853071795862 0 -1 0 
1 6.2831853071795862 0 -1 0 
1 0 0 1 0 
1 0 0 1 0 
1 0 0 1 0 
1 0 0 1 0 
1 0 0 1 0 
1 6.2831853071795862 0 -1 0 
1 0 0 1 0 
Curves 73
2 3.2750000001442459 -8.8654328930965676 0 0 0 -1 0.70710678118465309 -0.70710678118844206 0 -0.70710678118844206 -0.70710678118465309 -0 2.9999999999876801
1 0.27500000487862097 -11.134567117867391 0 -2.0802110000000001e-09 1 0 
2 3.275000004875892 -11.13456711162371 0 0 0 -1 1 2.0812270000000001e-09 0 2.0812270000000001e-09 -1 0 2.9999999999947851
1 3.4934566921083392 -15.59566448597252 0 -0.70710678118620407 0.70710678118689108 0 
2 4.0449999814313742 -15.044121196644937 0 0 0 -1 0.70710678118363257 0.70710678118946257 0 0.70710678118946257 -0.70710678118363257 0 0.78000000000066905
1 4.8250007629394531 -12.874999891910193 0 -3.6028793300000008e-07 -0.99999999999993505 0 
2 5.1250007629391803 -12.874999999996817 0 0 0 1 7.5791230000000006e-12 1 -0 -1 7.5791230000000006e-12 0 0.29999999999752403
1 5.8250000000020918 -12.574999999999363 0 -1 0 0 
2 5.8250000000020918 -13.375000000000909 0 0 0 1 1 0 -0 -0 1 0 0.799999999999912
1 6.6250000000013642 -18.000000000001819 0 0 1 0 
2 4.6250000000009104 -18.000000000001819 0 0 0 1 0 -1 0 1 0 -0 2.0000000000006679
1 0 -20 0 1 0 0 
2 -9.0949470000000004e-12 -19.200000000005275 0 0 0 1 -1 5.6843419999999999e-12 0 -5.6843419999999999e-12 -1 0 0.79999999999458304
1 -0.79999999999927196 -18.50000076294009 0 0 -1 0 
2 -0.49999999999954498 -18.50000076294009 0 0 0 1 -3.6307028500000006e-07 0.99999999999993416 0 -0.99999999999993416 -3.6307028500000006e-07 0 0.30000000000107702
1 1.669121473803443 -18.19999997539071 0 -0.99999999999993405 -3.6307307900000003e-07 0 
2 1.6691211906072569 -17.419999975390965 0 0 0 -1 -3.6307203400000005e-07 0.99999999999993416 0 0.99999999999993416 3.6307203400000005e-07 0 0.77999999999889302
1 -0.11911254953702199 -14.528679656596069 0 0.70710678118620396 -0.70710678118689108 0 
2 -2.2404328930997508 -16.650000000163345 0 0 0 -1 -0.70710678118578951 -0.70710678118730552 -0 -0.70710678118730552 0.70710678118578951 0 3.0000000000072191
1 -4.5095671178660268 -13.65000000487953 0 1 2.0812129999999998e-09 0 
2 -4.509567111620072 -16.650000004883623 0 0 0 -1 2.0819849999999998e-09 -1 0 -1 -2.0819849999999998e-09 -0 3.0000000000054419
1 -8.9706644859688822 -16.868456692106975 0 0.70710678118586001 0.70710678118723502 0 
2 -8.4191211966481205 -17.419999981432284 0 0 0 -1 0.70710678118363202 -0.70710678118946302 0 -0.70710678118946302 -0.70710678118363202 -0 0.77999999999889302
1 -6.2499998919133759 -18.200000762940363 0 -0.99999999999993505 3.6028793300000008e-07 0 
2 -6.2500000000022737 -18.50000076294009 0 0 0 1 1 0 -0 -0 1 0 0.30000000000285298
1 -5.9500000000002728 -19.200000000000728 0 3.2481989999999997e-12 1 0 
2 -6.750000000001819 -19.199999999998454 0 0 0 1 2.842171e-12 -1 0 1 2.842171e-12 -0 0.80000000000168803
1 -11.374999999998181 -20 0 1 0 0 
2 -11.374999999998181 -18.000000000001819 0 0 0 1 -1 0 0 0 -1 0 2.0000000000006679
1 -13.374999999998636 -13.375000000000909 0 0 -1 0 
2 -12.575000000003911 -13.374999999996362 0 0 0 1 8.5265130000000003e-12 1 -0 -1 8.5265130000000003e-12 0 0.79999999999813498
1 -11.875000762938726 -12.574999999999363 0 -1 0 0 
2 -11.875000762938726 -12.874999999996817 0 0 0 1 0.99999999999993416 3.6307028500000006e-07 -0 -3.6307028500000006e-07 0.99999999999993416 0 0.29999999999752403
1 -11.574999975389346 -15.044121473799805 0 -3.6307307900000003e-07 0.99999999999993405 0 
2 -10.794999975387327 -15.044121190608166 0 0 0 -1 0.99999999999993416 3.6306620400000003e-07 0 3.6306620400000003e-07 -0.99999999999993416 0 0.77999999999889302
1 -7.9036796565924314 -13.25588745045934 0 -0.70710678118654757 -0.70710678118654757 0 
2 -10.025000000159707 -11.134567106894337 0 0 0 -1 -0.70710678118692605 0.70710678118616899 0 0.70710678118616899 0.70710678118692605 0 3.0000000000072178
1 -7.0250000048781658 -8.8654328821303352 0 2.0812129999999998e-09 -1 0 
2 -10.025000004866342 -8.8654328883740163 0 0 0 -1 -1 -2.0812270000000001e-09 -0 -2.0812270000000001e-09 1 0 2.9999999999912319
1 -10.24345669210561 -4.4043355140274798 0 0.70710678118517301 -0.70710678118792203 0 
2 -10.794999981430919 -4.955878803352789 0 0 0 -1 -0.70710678118654757 -0.70710678118654757 -0 -0.70710678118654757 0.70710678118654757 0 0.77999999999889302
1 -11.575000762938998 -7.1250001080898073 0 3.6028793300000008e-07 0.99999999999993505 0 
2 -11.875000762938726 -7.125000000005457 0 0 0 1 0 -1 0 1 0 -0 0.29999999999930099
1 -12.57499999999709 -7.4250000000006366 0 1 0 0 
2 -12.57499999999709 -6.6250000000013642 0 0 0 1 -1 0 0 0 -1 0 0.799999999999912
1 -13.374999999998636 -2.0000000000004552 0 0 -1 0 
2 -11.374999999998181 -2.0000000000004552 0 0 0 1 0 1 0 -1 0 0 1.999999999998892
1 -6.7499999999995453 0 0 -1 0 0 
2 -6.7499999999995453 -0.79999999999927196 0 0 0 1 1 0 -0 -0 1 0 0.799999999999912
1 -5.9499999999957254 -1.49999923705991 0 -3.2481989999999997e-12 1 0 
2 -6.25 -1.49999923705991 0 0 0 1 3.6308544300000004e-07 -0.99999999999993416 0 0.99999999999993416 3.6308544300000004e-07 -0 0.30000000000107702
1 -8.4191214738007147 -1.8000000246047421 0 0.99999999999993405 3.6306993400000006e-07 0 
2 -8.419121190606802 -2.580000024604487 0 0 0 -1 3.6306911900000007e-07 -0.99999999999993416 0 -0.99999999999993416 -3.6306911900000007e-07 -0 0.78000000000066905
1 -6.6308874504557034 -5.4713203434039324 0 -0.70710678118654802 0.70710678118654702 0 
2 -4.5095671068975207 -3.3499999998389289 0 0 0 -1 0.70710678118541104 0.707106781187684 0 0.707106781187684 -0.70710678118541104 0 3.000000000003666
1 -2.2404328821357922 -6.3499999951181962 0 -1 -2.0822149999999999e-09 0 
2 -2.2404328883772 -3.349999995118651 0 0 0 -1 -2.080469e-09 1 0 1 2.080469e-09 0 3.00000000000189
1 2.2206644859761582 -3.1315433078952992 0 -0.70710678118757797 -0.70710678118551695 0 
2 1.669121196653123 -2.5800000185677159 0 0 0 -1 -0.70710678118363202 0.70710678118946302 0 0.70710678118946302 0.70710678118363202 0 0.77999999999889302
1 -0.50000010808389606 -1.7999992370619109 0 0.99999999999993505 -3.6028688500000003e-07 0 
2 -0.50000000001091405 -1.499999237066731 0 0 0 1 -1 2.2737370000000001e-11 0 -2.2737370000000001e-11 -1 0 0.29999999999397198
1 -0.79999999999927196 -0.79999999999927196 0 0 -1 0 
2 9.0949470000000004e-12 -0.80000000000609395 0 0 0 1 -1.1368680000000001e-11 1 0 -1 -1.1368680000000001e-11 0 0.80000000000524096
1 4.6250000000009104 0 0 -1 0 0 
2 4.6250000000009104 -2.0000000000004552 0 0 0 1 1 0 -0 -0 1 0 1.999999999998892
1 6.6250000000013642 -6.6250000000013642 0 0 1 0 
2 5.8250000000020918 -6.625000000003638 0 0 0 1 0 -1 0 1 0 -0 0.79999999999635896
1 5.125000762941454 -7.4250000000006366 0 1 0 0 
2 5.125000762941454 -7.1250000000009104 0 0 0 1 -0.99999999999993416 -3.6307028500000006e-07 0 3.6307028500000006e-07 -0.99999999999993416 0 0.30000000000107702
1 4.824999975389801 -4.9558785261956473 0 3.6307307900000003e-07 -0.99999999999993405 0 
2 4.0449999753946031 -4.9558788093941084 0 0 0 -1 -0.99999999999993416 -3.6307494900000004e-07 -0 -3.6307494900000004e-07 0.99999999999993416 0 0.77999999999889302
1 1.1536796565997069 -6.7441125495406604 0 0.70710678118586012 0.70710678118723502 0 
2 -3.3749999999986362 -10 0 0 0 1 -1 0 0 0 -1 0 2.1500000000003179
Polygon3D 0
PolygonOnTriangulations 0
Surfaces 74
1 -3.3749999999992801 -10.000000000000288 0 0 0 1 1 0 -0 -0 1 0 
2 3.2750000001442459 -8.8654328930965676 0 0 0 1 0.70710678118465309 -0.70710678118844206 0 0.70710678118844206 0.70710678118465309 -0 2.9999999999876801
1 0.27500000015834303 -8.8654328993447962 0 1 2.0802110000000001e-09 0 0 0 -1 -2.0802110000000001e-09 1 0 
2 3.275000004875892 -11.13456711162371 0 0 0 1 1 2.0812270000000001e-09 -0 -2.0812270000000001e-09 1 0 2.9999999999947851
1 1.153679661322258 -13.255887455184165 0 0.70710678118689108 0.70710678118620407 0 0 0 -1 -0.70710678118620407 0.70710678118689108 0 
2 4.0449999814313742 -15.044121196644937 0 0 0 1 0.70710678118363257 0.70710678118946257 -0 -0.70710678118946257 0.70710678118363257 0 0.78000000000066905
1 4.8249999814311204 -15.044121477669705 0 -0.99999999999993516 3.6028793300000008e-07 0 0 0 1 3.6028793300000008e-07 0.99999999999993516 -0 
2 5.1250007629391803 -12.874999999996817 0 0 0 1 7.5791230000000006e-12 1 -0 -1 7.5791230000000006e-12 0 0.29999999999752403
1 5.125000762941454 -12.574999999999363 0 0 1 0 0 -0 1 1 0 -0 
2 5.8250000000020918 -13.375000000000909 0 0 0 1 1 0 -0 -0 1 0 0.799999999999912
1 6.6250000000013642 -13.375000000000909 0 1 0 0 0 0 -1 -0 1 0 
2 4.6250000000009104 -18.000000000001819 0 0 0 1 0 -1 0 1 0 -0 2.0000000000006679
1 4.6250000000009104 -20 0 0 -1 0 0 0 -1 1 0 0 
2 -9.0949470000000004e-12 -19.200000000005275 0 0 0 1 -1 5.6843419999999999e-12 0 -5.6843419999999999e-12 -1 0 0.79999999999458304
1 -0.79999999999927196 -19.200000000000728 0 -1 0 0 0 0 1 0 1 -0 
2 -0.49999999999954498 -18.50000076294009 0 0 0 1 -3.6307028500000006e-07 0.99999999999993416 0 -0.99999999999993416 -3.6307028500000006e-07 0 0.30000000000107702
1 -0.50000010892063096 -18.200000762940363 0 -3.6307307900000003e-07 0.99999999999993416 0 0 0 1 0.99999999999993416 3.6307307900000003e-07 -0 
2 1.6691211906072569 -17.419999975390965 0 0 0 1 -3.6307203400000005e-07 0.99999999999993416 0 -0.99999999999993416 -3.6307203400000005e-07 0 0.77999999999889302
1 2.2206644799325659 -16.86845668606793 0 -0.70710678118689108 -0.70710678118620407 0 0 0 1 -0.70710678118620407 0.70710678118689108 0 
2 -2.2404328930997508 -16.650000000163345 0 0 0 1 -0.70710678118578951 -0.70710678118730552 0 0.70710678118730552 -0.70710678118578951 0 3.0000000000072178
1 -2.2404328993411582 -13.650000000156979 0 2.0812129999999998e-09 -1 0 0 0 -1 1 2.0812129999999998e-09 0 
2 -4.509567111620072 -16.650000004883623 0 0 0 1 2.0819849999999998e-09 -1 0 1 2.0819849999999998e-09 -0 3.0000000000054419
1 -6.6308874551828012 -14.528679661316346 0 0.70710678118723502 -0.70710678118586001 0 0 0 -1 0.70710678118586001 0.70710678118723502 0 
2 -8.4191211966481205 -17.419999981432284 0 0 0 1 0.70710678118363202 -0.70710678118946302 0 0.70710678118946302 0.70710678118363202 -0 0.77999999999889302
1 -8.4191214776706147 -18.199999981432029 0 3.6028793300000008e-07 0.99999999999993516 0 0 -0 1 0.99999999999993516 -3.6028793300000008e-07 -0 
2 -6.2500000000022737 -18.50000076294009 0 0 0 1 1 0 -0 -0 1 0 0.30000000000285298
1 -5.9499999999979991 -18.50000076294009 0 1 -3.2481990000000001e-12 0 0 0 -1 3.2481990000000001e-12 1 0 
2 -6.750000000001819 -19.199999999998454 0 0 0 1 2.842171e-12 -1 0 1 2.842171e-12 -0 0.80000000000168803
1 -6.7499999999995453 -20 0 0 -1 0 0 0 -1 1 0 0 
2 -11.374999999998181 -18.000000000001819 0 0 0 1 -1 0 0 0 -1 0 2.0000000000006679
1 -13.374999999998636 -18.000000000001819 0 -1 0 0 0 0 1 0 1 -0 
2 -12.575000000003911 -13.374999999996362 0 0 0 1 8.5265130000000003e-12 1 -0 -1 8.5265130000000003e-12 0 0.79999999999813498
1 -12.57499999999709 -12.574999999999363 0 0 1 0 0 -0 1 1 0 -0 
2 -11.875000762938726 -12.874999999996817 0 0 0 1 0.99999999999993416 3.6307028500000006e-07 -0 -3.6307028500000006e-07 0.99999999999993416 0 0.29999999999752403
1 -11.575000762938998 -12.874999891075731 0 0.99999999999993416 3.6307307900000003e-07 0 0 0 -1 -3.6307307900000003e-07 0.99999999999993416 0 
2 -10.794999975387327 -15.044121190608166 0 0 0 1 0.99999999999993416 3.6306620400000003e-07 -0 -3.6306620400000003e-07 0.99999999999993416 0 0.77999999999889302
1 -10.243456686066565 -15.595664479933475 0 -0.70710678118654757 0.70710678118654757 0 0 0 1 0.70710678118654757 0.70710678118654757 -0 
2 -10.025000000159707 -11.134567106894337 0 0 0 1 -0.70710678118692605 0.70710678118616899 0 -0.70710678118616899 -0.70710678118692605 0 3.0000000000072191
1 -7.0250000001556154 -11.134567100659751 0 -1 -2.0812129999999998e-09 0 0 0 1 -2.0812129999999998e-09 1 0 
2 -10.025000004866342 -8.8654328883740163 0 0 0 1 -1 -2.0812270000000001e-09 0 2.0812270000000001e-09 -1 0 2.9999999999912319
1 -7.903679661321803 -6.744112544820382 0 -0.70710678118792203 -0.70710678118517301 0 0 0 1 -0.70710678118517301 0.70710678118792203 0 
2 -10.794999981430919 -4.955878803352789 0 0 0 1 -0.70710678118654757 -0.70710678118654757 0 0.70710678118654757 -0.70710678118654757 0 0.77999999999889302
1 -11.574999981430665 -4.9558785223302948 0 0.99999999999993516 -3.6028793300000008e-07 0 0 0 -1 3.6028793300000008e-07 0.99999999999993516 0 
2 -11.875000762938726 -7.125000000005457 0 0 0 1 0 -1 0 1 0 -0 0.29999999999930099
1 -11.875000762938726 -7.4250000000006366 0 0 -1 0 0 0 -1 1 0 0 
2 -12.57499999999709 -6.6250000000013642 0 0 0 1 -1 0 0 0 -1 0 0.799999999999912
1 -13.374999999998636 -6.6250000000013642 0 -1 0 0 0 0 1 0 1 -0 
2 -11.374999999998181 -2.0000000000004552 0 0 0 1 0 1 0 -1 0 0 1.999999999998892
1 -11.374999999998181 0 0 0 1 0 0 -0 1 1 0 -0 
2 -6.7499999999995453 -0.79999999999927196 0 0 0 1 1 0 -0 -0 1 0 0.799999999999912
1 -5.9499999999979991 -0.79999999999927196 0 1 3.2481990000000001e-12 0 0 0 -1 -3.2481990000000001e-12 1 0 
2 -6.25 -1.49999923705991 0 0 0 1 3.6308544300000004e-07 -0.99999999999993416 0 0.99999999999993416 3.6308544300000004e-07 -0 0.30000000000107702
1 -6.249999891074367 -1.7999992370619109 0 3.6306993400000006e-07 -0.99999999999993416 0 0 0 -1 0.99999999999993416 3.6306993400000006e-07 0 
2 -8.419121190606802 -2.580000024604487 0 0 0 1 3.6306911900000007e-07 -0.99999999999993416 0 0.99999999999993416 3.6306911900000007e-07 -0 0.78000000000066905
1 -8.9706644799298374 -3.131543313929797 0 0.70710678118654757 0.70710678118654757 0 0 0 -1 -0.70710678118654757 0.70710678118654757 0 
2 -4.5095671068975207 -3.3499999998389289 0 0 0 1 0.70710678118541104 0.707106781187684 -0 -0.707106781187684 0.70710678118541104 0 3.000000000003666
1 -4.5095671006583871 -6.3499999998430212 0 -2.0822149999999999e-09 1 0 0 0 1 1 2.0822149999999999e-09 -0 
2 -2.2404328883772 -3.349999995118651 0 0 0 1 -2.080469e-09 1 0 -1 -2.080469e-09 0 3.00000000000189
1 -0.11911254481674401 -5.4713203386813802 0 -0.70710678118551706 0.70710678118757808 0 0 0 1 0.70710678118757808 0.70710678118551706 -0 
2 1.669121196653123 -2.5800000185677159 0 0 0 1 -0.70710678118363202 0.70710678118946302 0 -0.70710678118946302 -0.70710678118363202 0 0.77999999999889302
1 1.6691214776687959 -1.800000018567971 0 -3.6028688500000003e-07 -0.99999999999993516 0 -0 0 -1 0.99999999999993516 -3.6028688500000003e-07 -0 
2 -0.50000000001091405 -1.499999237066731 0 0 0 1 -1 2.2737370000000001e-11 0 -2.2737370000000001e-11 -1 0 0.29999999999397198
1 -0.79999999999927196 -1.49999923705991 0 -1 0 0 0 0 1 0 1 -0 
2 9.0949470000000004e-12 -0.80000000000609395 0 0 0 1 -1.1368680000000001e-11 1 0 -1 -1.1368680000000001e-11 0 0.80000000000524096
1 0 0 0 0 1 0 0 -0 1 1 0 -0 
2 4.6250000000009104 -2.0000000000004552 0 0 0 1 1 0 -0 -0 1 0 1.999999999998892
1 6.6250000000013642 -2.0000000000004552 0 1 0 0 0 0 -1 -0 1 0 
2 5.8250000000020918 -6.625000000003638 0 0 0 1 0 -1 0 1 0 -0 0.79999999999635896
1 5.8250000000020918 -7.4250000000006366 0 0 -1 0 0 0 -1 1 0 0 
2 5.125000762941454 -7.1250000000009104 0 0 0 1 -0.99999999999993416 -3.6307028500000006e-07 0 3.6307028500000006e-07 -0.99999999999993416 0 0.30000000000107702
1 4.8250007629394531 -7.125000108921995 0 -0.99999999999993416 -3.6307307900000003e-07 0 0 0 1 -3.6307307900000003e-07 0.99999999999993416 0 
2 4.0449999753946031 -4.9558788093941084 0 0 0 1 -0.99999999999993416 -3.6307494900000004e-07 0 3.6307494900000004e-07 -0.99999999999993416 0 0.77999999999889302
1 3.4934566860692939 -4.4043355200665246 0 0.70710678118723502 -0.70710678118586001 0 0 0 -1 0.70710678118586001 0.70710678118723502 0 
10 3.1415926535897931 9.4247779607693793 0 1000
2 -3.3749999999986362 -10 0 0 0 1 -1 0 0 0 -1 0 2.1500000000003179
Triangulations 0

TShapes 149
Ve
1e-07
0.275000000158343 -8.8654328993448 0
0 0

0101101
*
Ve
1e-07
1.15367965659971 -6.74411254954066 0
0 0

0101101
*
Ed
 1e-07 1 1 0
1  1 0 2.35619448810692 3.14159265358979
2  1 2 0 2.35619448810692 3.14159265358979
4 C0 2 0 1 0
0

0101000
+149 0 -148 0 *
Ve
1e-07
0.275000004878621 -11.1345671178674 0
0 0

0101101
*
Ed
 1e-07 1 1 0
1  2 0 0 2.26913421852259
4 C0 3 0 1 0
0

0101000
+146 0 -149 0 *
Ve
1e-07
1.15367966132226 -13.2558874551842 0
0 0

0101101
*
Ed
 1e-07 1 1 0
1  3 0 2.35619449227196 3.14159265358979
2  2 4 0 2.35619449227196 3.14159265358979
4 C0 4 0 1 0
0

0101000
+144 0 -146 0 *
Ve
1e-07
3.49345669210834 -15.5956644859725 0
0 0

0101101
*
Ed
 1e-07 1 1 0
1  4 0 0 3.30894440986833
4 C0 5 0 1 0
0

0101000
+142 0 -144 0 *
Ve
1e-07
4.82499998143112 -15.0441214776697 0
0 0

0101101
*
Ed
 1e-07 1 1 0
1  5 0 0.785398523689735 3.14159265358979
2  3 6 0 0.785398523689735 3.14159265358979
4 C0 6 0 1 0
0

0101000
+140 0 -142 0 *
Ve
1e-07
4.82500076293945 -12.8749998919102 0
0 0

0101101
*
Ed
 1e-07 1 1 0
1  6 0 0 2.16912158575965
4 C0 7 0 1 0
0

0101000
+138 0 -140 0 *
Ve
1e-07
5.12500076294145 -12.5749999999994 0
0 0

0101101
*
Ed
 1e-07 1 1 0
1  7 0 0 1.57079596651373
2  4 8 0 0 1.57079596651373
4 C0 8 0 1 0
0

0101000
+136 0 -138 0 *
Ve
1e-07
5.82500000000209 -12.5749999999994 0
0 0

0101101
*
Ed
 1e-07 1 1 0
1  8 0 0 0.699999237060638
4 C0 9 0 1 0
0

0101000
+134 0 -136 0 *
Ve
1e-07
6.62500000000136 -13.3750000000009 0
0 0

0101101
*
Ed
 1e-07 1 1 0
1  9 0 0 1.5707963267949
2  5 10 0 0 1.5707963267949
4 C0 10 0 1 0
0

0101000
+132 0 -134 0 *
Ve
1e-07
6.62500000000136 -18.0000000000018 0
0 0

0101101
*
Ed
 1e-07 1 1 0
1  10 0 0 4.62500000000091
4 C0 11 0 1 0
0

0101000
+130 0 -132 0 *
Ve
1e-07
4.62500000000091 -20 0
0 0

0101101
*
Ed
 1e-07 1 1 0
1  11 0 0 1.5707963267949
2  6 12 0 0 1.5707963267949
4 C0 12 0 1 0
0

0101000
+128 0 -130 0 *
Ve
1e-07
0 -20 0
0 0

0101101
*
Ed
 1e-07 1 1 0
1  12 0 0 4.62500000000091
4 C0 13 0 1 0
0

0101000
+126 0 -128 0 *
Ve
1e-07
-0.799999999999272 -19.2000000000007 0
0 0

0101101
*
Ed
 1e-07 1 1 0
1  13 0 0 1.57079632681195
2  7 14 0 0 1.57079632681195
4 C0 14 0 1 0
0

0101000
+124 0 -126 0 *
Ve
1e-07
-0.799999999999272 -18.5000007629401 0
0 0

0101101
*
Ed
 1e-07 1 1 0
1  14 0 0 0.699999237060638
4 C0 15 0 1 0
0

0101000
+122 0 -124 0 *
Ve
1e-07
-0.500000108920631 -18.2000007629404 0
0 0

0101101
*
Ed
 1e-07 1 1 0
1  15 0 0 1.57079596372461
2  8 16 0 0 1.57079596372461
4 C0 16 0 1 0
0

0101000
+120 0 -122 0 *
Ve
1e-07
1.66912147380344 -18.1999999753907 0
0 0

0101101
*
Ed
 1e-07 1 1 0
1  16 0 0 2.16912158272422
4 C0 17 0 1 0
0

0101000
+118 0 -120 0 *
Ve
1e-07
2.22066447993257 -16.8684566860679 0
0 0

0101101
*
Ed
 1e-07 1 1 0
1  17 0 0.785398526471543 3.14159265358979
2  9 18 0 0.785398526471543 3.14159265358979
4 C0 18 0 1 0
0

0101000
+116 0 -118 0 *
Ve
1e-07
-0.119112549537022 -14.5286796565961 0
0 0

0101101
*
Ed
 1e-07 1 1 0
1  18 0 0 3.30894440800653
4 C0 19 0 1 0
0

0101000
+114 0 -116 0 *
Ve
1e-07
-2.24043289934116 -13.650000000157 0
0 0

0101101
*
Ed
 1e-07 1 1 0
1  19 0 2.35619448811295 3.14159265358979
2  10 20 0 2.35619448811295 3.14159265358979
4 C0 20 0 1 0
0

0101000
+112 0 -114 0 *
Ve
1e-07
-4.50956711786603 -13.6500000048795 0
0 0

0101101
*
Ed
 1e-07 1 1 0
1  20 0 0 2.26913421852487
4 C0 21 0 1 0
0

0101000
+110 0 -112 0 *
Ve
1e-07
-6.6308874551828 -14.5286796613163 0
0 0

0101101
*
Ed
 1e-07 1 1 0
1  21 0 2.3561944922754 3.14159265358979
2  11 22 0 2.3561944922754 3.14159265358979
4 C0 22 0 1 0
0

0101000
+108 0 -110 0 *
Ve
1e-07
-8.97066448596888 -16.868456692107 0
0 0

0101101
*
Ed
 1e-07 1 1 0
1  22 0 0 3.30894440986994
4 C0 23 0 1 0
0

0101000
+106 0 -108 0 *
Ve
1e-07
-8.41912147767061 -18.199999981432 0
0 0

0101101
*
Ed
 1e-07 1 1 0
1  23 0 0.785398523678574 3.14159265358979
2  12 24 0 0.785398523678574 3.14159265358979
4 C0 24 0 1 0
0

0101000
+104 0 -106 0 *
Ve
1e-07
-6.24999989191338 -18.2000007629404 0
0 0

0101101
*
Ed
 1e-07 1 1 0
1  24 0 0 2.16912158575738
4 C0 25 0 1 0
0

0101000
+102 0 -104 0 *
Ve
1e-07
-5.949999999998 -18.5000007629401 0
0 0

0101101
*
Ed
 1e-07 1 1 0
1  25 0 0 1.57079596649857
2  13 26 0 0 1.57079596649857
4 C0 26 0 1 0
0

0101000
+100 0 -102 0 *
Ve
1e-07
-5.95000000000027 -19.2000000000007 0
0 0

0101101
*
Ed
 1e-07 1 1 0
1  26 0 0 0.699999237060638
4 C0 27 0 1 0
0

0101000
+98 0 -100 0 *
Ve
1e-07
-6.74999999999955 -20 0
0 0

0101101
*
Ed
 1e-07 1 1 0
1  27 0 0 1.57079632678921
2  14 28 0 0 1.57079632678921
4 C0 28 0 1 0
0

0101000
+96 0 -98 0 *
Ve
1e-07
-11.3749999999982 -20 0
0 0

0101101
*
Ed
 1e-07 1 1 0
1  28 0 0 4.62499999999864
4 C0 29 0 1 0
0

0101000
+94 0 -96 0 *
Ve
1e-07
-13.3749999999986 -18.0000000000018 0
0 0

0101101
*
Ed
 1e-07 1 1 0
1  29 0 0 1.5707963267949
2  15 30 0 0 1.5707963267949
4 C0 30 0 1 0
0

0101000
+92 0 -94 0 *
Ve
1e-07
-13.3749999999986 -13.3750000000009 0
0 0

0101101
*
Ed
 1e-07 1 1 0
1  30 0 0 4.62500000000091
4 C0 31 0 1 0
0

0101000
+90 0 -92 0 *
Ve
1e-07
-12.5749999999971 -12.5749999999994 0
0 0

0101101
*
Ed
 1e-07 1 1 0
1  31 0 0 1.57079632680911
2  16 32 0 0 1.57079632680911
4 C0 32 0 1 0
0

0101000
+88 0 -90 0 *
Ve
1e-07
-11.8750007629387 -12.5749999999994 0
0 0

0101101
*
Ed
 1e-07 1 1 0
1  32 0 0 0.699999237058364
4 C0 33 0 1 0
0

0101000
+86 0 -88 0 *
Ve
1e-07
-11.575000762939 -12.8749998910757 0
0 0

0101101
*
Ed
 1e-07 1 1 0
1  33 0 0 1.57079596372461
2  17 34 0 0 1.57079596372461
4 C0 34 0 1 0
0

0101000
+84 0 -86 0 *
Ve
1e-07
-11.5749999753893 -15.0441214737998 0
0 0

0101101
*
Ed
 1e-07 1 1 0
1  34 0 0 2.16912158272422
4 C0 35 0 1 0
0

0101000
+82 0 -84 0 *
Ve
1e-07
-10.2434566860666 -15.5956644799335 0
0 0

0101101
*
Ed
 1e-07 1 1 0
1  35 0 0.785398526467775 3.14159265358979
2  18 36 0 0.785398526467775 3.14159265358979
4 C0 36 0 1 0
0

0101000
+80 0 -82 0 *
Ve
1e-07
-7.90367965659243 -13.2558874504593 0
0 0

0101101
*
Ed
 1e-07 1 1 0
1  36 0 0 3.30894440801135
4 C0 37 0 1 0
0

0101000
+78 0 -80 0 *
Ve
1e-07
-7.02500000015562 -11.1345671006598 0
0 0

0101101
*
Ed
 1e-07 1 1 0
1  37 0 2.35619448811469 3.14159265358979
2  19 38 0 2.35619448811469 3.14159265358979
4 C0 38 0 1 0
0

0101000
+76 0 -78 0 *
Ve
1e-07
-7.02500000487817 -8.86543288213034 0
0 0

0101101
*
Ed
 1e-07 1 1 0
1  38 0 0 2.26913421852942
4 C0 39 0 1 0
0

0101000
+74 0 -76 0 *
Ve
1e-07
-7.9036796613218 -6.74411254482038 0
0 0

0101101
*
Ed
 1e-07 1 1 0
1  39 0 2.35619449227143 3.14159265358979
2  20 40 0 2.35619449227143 3.14159265358979
4 C0 40 0 1 0
0

0101000
+72 0 -74 0 *
Ve
1e-07
-10.2434566921056 -4.40433551402748 0
0 0

0101101
*
Ed
 1e-07 1 1 0
1  40 0 0 3.30894440986994
4 C0 41 0 1 0
0

0101000
+70 0 -72 0 *
Ve
1e-07
-11.5749999814307 -4.95587852233029 0
0 0

0101101
*
Ed
 1e-07 1 1 0
1  41 0 0.785398523682697 3.14159265358979
2  21 42 0 0.785398523682697 3.14159265358979
4 C0 42 0 1 0
0

0101000
+68 0 -70 0 *
Ve
1e-07
-11.575000762939 -7.12500010808981 0
0 0

0101101
*
Ed
 1e-07 1 1 0
1  42 0 0 2.16912158575965
4 C0 43 0 1 0
0

0101000
+66 0 -68 0 *
Ve
1e-07
-11.8750007629387 -7.42500000000064 0
0 0

0101101
*
Ed
 1e-07 1 1 0
1  43 0 0 1.57079596651373
2  22 44 0 0 1.57079596651373
4 C0 44 0 1 0
0

0101000
+64 0 -66 0 *
Ve
1e-07
-12.5749999999971 -7.42500000000064 0
0 0

0101101
*
Ed
 1e-07 1 1 0
1  44 0 0 0.699999237058364
4 C0 45 0 1 0
0

0101000
+62 0 -64 0 *
Ve
1e-07
-13.3749999999986 -6.62500000000136 0
0 0

0101101
*
Ed
 1e-07 1 1 0
1  45 0 0 1.5707963267949
2  23 46 0 0 1.5707963267949
4 C0 46 0 1 0
0

0101000
+60 0 -62 0 *
Ve
1e-07
-13.3749999999986 -2.00000000000046 0
0 0

0101101
*
Ed
 1e-07 1 1 0
1  46 0 0 4.62500000000091
4 C0 47 0 1 0
0

0101000
+58 0 -60 0 *
Ve
1e-07
-11.3749999999982 0 0
0 0

0101101
*
Ed
 1e-07 1 1 0
1  47 0 0 1.5707963267949
2  24 48 0 0 1.5707963267949
4 C0 48 0 1 0
0

0101000
+56 0 -58 0 *
Ve
1e-07
-6.74999999999955 0 0
0 0

0101101
*
Ed
 1e-07 1 1 0
1  48 0 0 4.62499999999864
4 C0 49 0 1 0
0

0101000
+54 0 -56 0 *
Ve
1e-07
-5.949999999998 -0.799999999999272 0
0 0

0101101
*
Ed
 1e-07 1 1 0
1  49 0 0 1.5707963267949
2  25 50 0 0 1.5707963267949
4 C0 50 0 1 0
0

0101000
+52 0 -54 0 *
Ve
1e-07
-5.94999999999573 -1.49999923705991 0
0 0

0101101
*
Ed
 1e-07 1 1 0
1  50 0 0 0.699999237060638
4 C0 51 0 1 0
0

0101000
+50 0 -52 0 *
Ve
1e-07
-6.24999989107437 -1.79999923706191 0
0 0

0101101
*
Ed
 1e-07 1 1 0
1  51 0 0 1.57079596370945
2  26 52 0 0 1.57079596370945
4 C0 52 0 1 0
0

0101000
+48 0 -50 0 *
Ve
1e-07
-8.41912147380071 -1.80000002460474 0
0 0

0101101
*
Ed
 1e-07 1 1 0
1  52 0 0 2.16912158272649
4 C0 53 0 1 0
0

0101000
+46 0 -48 0 *
Ve
1e-07
-8.97066447992984 -3.1315433139298 0
0 0

0101101
*
Ed
 1e-07 1 1 0
1  53 0 0.785398526464505 3.14159265358979
2  27 54 0 0.785398526464505 3.14159265358979
4 C0 54 0 1 0
0

0101000
+44 0 -46 0 *
Ve
1e-07
-6.6308874504557 -5.47132034340393 0
0 0

0101101
*
Ed
 1e-07 1 1 0
1  54 0 0 3.30894440801135
4 C0 55 0 1 0
0

0101000
+42 0 -44 0 *
Ve
1e-07
-4.50956710065839 -6.34999999984302 0
0 0

0101101
*
Ed
 1e-07 1 1 0
1  55 0 2.35619448811424 3.14159265358979
2  28 56 0 2.35619448811424 3.14159265358979
4 C0 56 0 1 0
0

0101000
+40 0 -42 0 *
Ve
1e-07
-2.24043288213579 -6.3499999951182 0
0 0

0101101
*
Ed
 1e-07 1 1 0
1  56 0 0 2.26913421852259
4 C0 57 0 1 0
0

0101000
+38 0 -40 0 *
Ve
1e-07
-0.119112544816744 -5.47132033868138 0
0 0

0101101
*
Ed
 1e-07 1 1 0
1  57 0 2.35619449227335 3.14159265358979
2  29 58 0 2.35619449227335 3.14159265358979
4 C0 58 0 1 0
0

0101000
+36 0 -38 0 *
Ve
1e-07
2.22066448597616 -3.1315433078953 0
0 0

0101101
*
Ed
 1e-07 1 1 0
1  58 0 0 3.30894440987155
4 C0 59 0 1 0
0

0101000
+34 0 -36 0 *
Ve
1e-07
1.6691214776688 -1.80000001856797 0
0 0

0101101
*
Ed
 1e-07 1 1 0
1  59 0 0.785398523669829 3.14159265358979
2  30 60 0 0.785398523669829 3.14159265358979
4 C0 60 0 1 0
0

0101000
+32 0 -34 0 *
Ve
1e-07
-0.500000108083896 -1.79999923706191 0
0 0

0101101
*
Ed
 1e-07 1 1 0
1  60 0 0 2.16912158575283
4 C0 61 0 1 0
0

0101000
+30 0 -32 0 *
Ve
1e-07
-0.799999999999272 -1.49999923705991 0
0 0

0101101
*
Ed
 1e-07 1 1 0
1  61 0 0 1.57079596657436
2  31 62 0 0 1.57079596657436
4 C0 62 0 1 0
0

0101000
+28 0 -30 0 *
Ve
1e-07
-0.799999999999272 -0.799999999999272 0
0 0

0101101
*
Ed
 1e-07 1 1 0
1  62 0 0 0.699999237060638
4 C0 63 0 1 0
0

0101000
+26 0 -28 0 *
Ve
1e-07
0 0 0
0 0

0101101
*
Ed
 1e-07 1 1 0
1  63 0 0 1.570796326775
2  32 64 0 0 1.570796326775
4 C0 64 0 1 0
0

0101000
+24 0 -26 0 *
Ve
1e-07
4.62500000000091 0 0
0 0

0101101
*
Ed
 1e-07 1 1 0
1  64 0 0 4.62500000000091
4 C0 65 0 1 0
0

0101000
+22 0 -24 0 *
Ve
1e-07
6.62500000000136 -2.00000000000046 0
0 0

0101101
*
Ed
 1e-07 1 1 0
1  65 0 0 1.5707963267949
2  33 66 0 0 1.5707963267949
4 C0 66 0 1 0
0

0101000
+20 0 -22 0 *
Ve
1e-07
6.62500000000136 -6.62500000000136 0
0 0

0101101
*
Ed
 1e-07 1 1 0
1  66 0 0 4.62500000000091
4 C0 67 0 1 0
0

0101000
+18 0 -20 0 *
Ve
1e-07
5.82500000000209 -7.42500000000064 0
0 0

0101101
*
Ed
 1e-07 1 1 0
1  67 0 0 1.57079632679774
2  34 68 0 0 1.57079632679774
4 C0 68 0 1 0
0

0101000
+16 0 -18 0 *
Ve
1e-07
5.12500076294145 -7.42500000000064 0
0 0

0101101
*
Ed
 1e-07 1 1 0
1  68 0 0 0.699999237060638
4 C0 69 0 1 0
0

0101000
+14 0 -16 0 *
Ve
1e-07
4.82500076293945 -7.12500010892199 0
0 0

0101101
*
Ed
 1e-07 1 1 0
1  69 0 0 1.57079596372461
2  35 70 0 0 1.57079596372461
4 C0 70 0 1 0
0

0101000
+12 0 -14 0 *
Ve
1e-07
4.8249999753898 -4.95587852619565 0
0 0

0101101
*
Ed
 1e-07 1 1 0
1  70 0 0 2.16912158272649
4 C0 71 0 1 0
0

0101000
+10 0 -12 0 *
Ve
1e-07
3.49345668606929 -4.40433552006652 0
0 0

0101101
*
Ed
 1e-07 1 1 0
1  71 0 0.785398526474459 3.14159265358979
2  36 72 0 0.785398526474459 3.14159265358979
4 C0 72 0 1 0
0

0101000
+8 0 -10 0 *
Ed
 1e-07 1 1 0
1  72 0 0 3.30894440800814
4 C0 73 0 1 0
0

0101000
+148 0 -8 0 *
Wi

0101100
-147 0 -145 0 -143 0 -141 0 -139 0 -137 0 -135 0 -133 0 -131 0 -129 0 
-127 0 -125 0 -123 0 -121 0 -119 0 -117 0 -115 0 -113 0 -111 0 -109 0 
-107 0 -105 0 -103 0 -101 0 -99 0 -97 0 -95 0 -93 0 -91 0 -89 0 
-87 0 -85 0 -83 0 -81 0 -79 0 -77 0 -75 0 -73 0 -71 0 -69 0 
-67 0 -65 0 -63 0 -61 0 -59 0 -57 0 -55 0 -53 0 -51 0 -49 0 
-47 0 -45 0 -43 0 -41 0 -39 0 -37 0 -35 0 -33 0 -31 0 -29 0 
-27 0 -25 0 -23 0 -21 0 -19 0 -17 0 -15 0 -13 0 -11 0 -9 0 
-7 0 -6 0 *
Ve
1e-05
-1.22499999999832 -10 0
0 0

0101101
*
Ed
 1e-07 1 1 0
1  73 0 3.14159265358979 9.42477796076938
2  37 74 0 3.14159265358979 9.42477796076938
4 C0 74 0 1 0
0

0101000
+4 0 -4 0 *
Wi

0101100
+3 0 *
Fa
0  1e-07 1 0

0111000
-5 0 -2 0 *

-1 0 