DBRep_DrawableShape

CASCADE Topology V1, (c) Matra-Datavision
Locations 0
Curve2ds 60
1 6.2831853071795862 0 -1 0 
1 6.2831853071795853 0 -1 0 
1 0 0 1 0 
1 0 0 1 0 
1 0 0 1 0 
1 0 0 1 0 
1 0 0 1 0 
1 6.2831853071795898 0 -1 0 
1 6.2831853071795862 0 -1 0 
1 6.2831853071795862 0 -1 0 
1 6.2831853071795862 0 -1 0 
1 0 0 1 0 
1 0 0 1 0 
1 0 0 1 0 
1 0 0 1 0 
1 6.2831853071795862 0 -1 0 
1 6.2831853071795853 0 -1 0 
1 6.2831853071795862 0 -1 0 
1 6.2831853071795853 0 -1 0 
1 0 0 1 0 
1 0 0 1 0 
1 0 0 1 0 
1 0 0 1 0 
1 0 0 1 0 
1 6.2831853071795862 0 -1 0 
1 6.2831853071795862 0 -1 0 
1 6.2831853071795862 0 -1 0 
1 6.2831853071795862 0 -1 0 
1 0 0 1 0 
1 0 0 1 0 
1 0 0 1 0 
1 0 0 1 0 
1 0 0 1 0 
1 6.2831853071795845 0 -1 0 
1 6.2831853071795862 0 -1 0 
1 6.2831853071795862 0 -1 0 
1 6.2831853071795862 0 -1 0 
1 0 0 1 0 
1 0 0 1 0 
1 0 0 1 0 
1 0 0 1 0 
1 6.2831853071795845 0 -1 0 
1 6.2831853071795862 0 -1 0 
1 6.2831853071795862 0 -1 0 
1 6.2831853071795853 0 -1 0 
1 0 0 1 0 
1 0 0 1 0 
1 0 0 1 0 
1 0 0 1 0 
1 0 0 1 0 
1 6.283185307179588 0 -1 0 
1 6.2831853071795862 0 -1 0 
1 -4.4408920985006262e-16 0 1 0 
1 0 0 1 0 
1 0 0 1 0 
1 -4.4408920985006262e-16 0 1 0 
1 0 0 1 0 
1 0 0 1 0 
1 0 0 1 0 
1 0 0 1 0 
Curves 118
2 23.275000000155615 -11.134567106901159 0 0 0 -1 1 -2.080469e-09 0 -2.080469e-09 -1 -0 3.000000000003666
1 23.49345668606702 -15.595664479933475 0 -0.70710678118654757 0.70710678118654757 0 
2 24.044999975392329 -15.044121190605892 0 0 0 -1 0.70710678118509007 0.70710678118800507 0 0.70710678118800507 -0.70710678118509007 0 0.77999999999889302
1 24.825000762937179 -12.874999891082552 0 -3.6307098300000005e-07 -0.99999999999993405 0 
2 25.12500076293918 -12.875000000001364 0 0 0 1 0 1 0 -1 0 0 0.30000000000107702
1 25.824999999997544 -12.574999999999363 0 -1 0 0 
2 25.825000000004366 -13.374999999998636 0 0 0 1 1 -2.842171e-12 0 2.842171e-12 1 -0 0.79999999999280602
1 26.624999999996817 -17.999999999999545 0 0 1 0 
2 24.624999999998636 -17.999999999999545 0 0 0 1 0 -1 0 1 0 -0 1.999999999998892
1 19.999999999997726 -20 0 1 0 0 
2 19.999999999997726 -19.200000000000728 0 0 0 1 -1 0 0 0 -1 0 0.799999999999912
1 19.200000000000728 -18.500000762942364 0 -3.2481990000000001e-12 -1 0 
2 19.499999999998181 -18.500000762935542 0 0 0 1 -3.6028116800000005e-07 0.99999999999993516 0 -0.99999999999993516 -3.6028116800000005e-07 0 0.29999999999752403
1 21.669121477666522 -18.199999981434303 0 -0.99999999999993505 -3.6028688500000003e-07 0 
2 21.669121196644028 -17.419999981439105 0 0 0 -1 -3.6028524900000003e-07 0.99999999999993516 0 0.99999999999993516 3.6028524900000003e-07 0 0.77999999999889302
1 19.880887455176435 -14.52867966131862 0 0.70710678118689108 -0.70710678118620396 0 
2 17.759567111625074 -16.650000004883623 0 0 0 -1 -0.70710678118427406 -0.70710678118882109 -0 -0.70710678118882109 0.70710678118427406 0 3.0000000000036668
1 15.490432899341613 -13.650000000156979 0 1 -2.0812129999999998e-09 0 
2 15.490432893097932 -16.650000000156524 0 0 0 -1 -2.0812270000000001e-09 -1 -0 -1 2.0812270000000001e-09 0 3.0000000000001141
1 11.029335520065615 -16.86845668606793 0 0.70710678118689108 0.70710678118620396 0 
2 11.580878809390924 -17.419999975393239 0 0 0 -1 0.70710678118654757 -0.70710678118654757 0 -0.70710678118654757 -0.70710678118654757 -0 0.78000000000066905
1 13.750000108916538 -18.200000762940363 0 -0.99999999999993405 3.6307098300000005e-07 0 
2 13.749999999993179 -18.500000762944637 0 0 0 1 1 7.5791230000000006e-12 -0 -7.5791230000000006e-12 1 0 0.30000000000463001
1 14.049999999999727 -19.200000000000728 0 0 1 0 
2 13.250000000000455 -19.200000000003001 0 0 0 1 -2.842171e-12 -1 0 1 -2.842171e-12 0 0.79999999999813498
1 -2.2737369999999998e-12 -20 0 1 0 0 
2 -6.8212100000000002e-12 -19.200000000009823 0 0 0 1 -1 1.1368680000000001e-11 0 -1.1368680000000001e-11 -1 0 0.79999999999458304
1 -0.80000000000154603 -18.500000762942364 0 0 -1 0 
2 -0.49999999999954498 -18.500000762942364 0 0 0 1 -3.6307786400000003e-07 0.99999999999993416 0 -0.99999999999993416 -3.6307786400000003e-07 0 0.30000000000107702
1 1.6691214738011699 -18.199999975395258 0 -0.99999999999993405 -3.6307098300000005e-07 0 
2 1.669121190604983 -17.419999975393239 0 0 0 -1 -3.6307203400000005e-07 0.99999999999993416 0 0.99999999999993416 3.6307203400000005e-07 0 0.77999999999889302
1 -0.119112549541569 -14.528679656598342 0 0.70710678118689108 -0.70710678118620396 0 
2 -2.2404328931042978 -16.650000000163345 0 0 0 -1 -0.70710678118616899 -0.70710678118692605 -0 -0.70710678118692605 0.70710678118616899 0 3.0000000000089968
1 -4.5095671178705743 -13.65000000487953 0 1 2.0812129999999998e-09 0 
2 -4.5095671116223457 -16.650000004890444 0 0 0 -1 2.0827429999999999e-09 -1 0 -1 -2.0827429999999999e-09 -0 3.0000000000054419
1 -8.9706644859757034 -16.868456692109248 0 0.70710678118689108 0.70710678118620396 0 
2 -8.419121196652668 -17.419999981439105 0 0 0 -1 0.70710678118217507 -0.70710678119092008 0 -0.70710678119092008 -0.70710678118217507 -0 0.77999999999889302
1 -6.2499998919156496 -18.200000762940363 0 -0.99999999999993505 3.6028688500000003e-07 0 
2 -6.2500000000022737 -18.500000762942364 0 0 0 1 1 0 -0 -0 1 0 0.30000000000107702
1 -5.9500000000002728 -19.200000000000728 0 0 1 0 
2 -6.750000000001819 -19.200000000000728 0 0 0 1 0 -1 0 1 0 -0 0.80000000000168803
1 -11.375000000002728 -20 0 1 0 0 
2 -11.375000000002728 -17.999999999999545 0 0 0 1 -1 0 0 0 -1 0 1.999999999998892
1 -13.375000000003183 -13.375000000000909 0 0 -1 0 
2 -12.575000000006185 -13.374999999998636 0 0 0 1 5.6843419999999999e-12 1 -0 -1 5.6843419999999999e-12 0 0.79999999999635896
1 -11.875000762940999 -12.574999999999363 0 -1 0 0 
2 -11.875000762936452 -12.874999999999091 0 0 0 1 0.99999999999993416 3.6305512700000003e-07 -0 -3.6305512700000003e-07 0.99999999999993416 0 0.29999999999752403
1 -11.574999975398441 -15.044121473802079 0 -3.6306993400000006e-07 0.99999999999993405 0 
2 -10.794999975394148 -15.044121190605892 0 0 0 -1 0.99999999999993416 3.6307203400000005e-07 0 3.6307203400000005e-07 -0.99999999999993416 0 0.78000000000066905
1 -7.9036796565992518 -13.255887450463888 0 -0.70710678118689108 -0.70710678118620396 0 
2 -10.025000000159707 -11.134567106901159 0 0 0 -1 -0.70710678118616899 0.70710678118692605 0 0.70710678118692605 0.70710678118616899 0 3.000000000003666
1 -7.0250000048827133 -8.8654328821394301 0 2.0822149999999999e-09 -1 0 
2 -10.025000004882259 -8.8654328883785638 0 0 0 -1 -1 -2.079711e-09 -0 -2.079711e-09 1 0 3.0000000000001141
1 -10.243456692110158 -4.4043355140297544 0 0.70710678118689108 -0.70710678118620396 0 
2 -10.794999981435467 -4.9558788033550627 0 0 0 -1 -0.70710678118654757 -0.70710678118654757 -0 -0.70710678118654757 0.70710678118654757 0 0.78000000000066905
1 -11.575000762941272 -7.1250001080852599 0 3.6028583700000004e-07 0.99999999999993505 0 
2 -11.875000762936452 -7.1250000000077307 0 0 0 1 -1.515825e-11 -1 0 1 -1.515825e-11 0 0.299999999995748
1 -12.575000000001637 -7.4250000000006366 0 1 0 0 
2 -12.575000000001637 -6.6249999999990914 0 0 0 1 -1 0 0 0 -1 0 0.799999999999912
1 -13.375000000003183 -1.999999999998181 0 0 -1 0 
2 -11.375000000002728 -1.999999999998181 0 0 0 1 0 1 0 -1 0 0 1.999999999998892
1 -6.750000000001819 0 0 -1 0 0 
2 -6.750000000001819 -0.79999999999927196 0 0 0 1 1 0 -0 -0 1 0 0.80000000000168803
1 -5.9500000000002728 -1.49999923705991 0 0 1 0 
2 -6.25 -1.49999923705991 0 0 0 1 3.6307786400000003e-07 -0.99999999999993416 0 0.99999999999993416 3.6307786400000003e-07 -0 0.30000000000107702
1 -8.4191214738052622 -1.80000002460929 0 0.99999999999993405 3.6307307900000003e-07 0 
2 -8.4191211906045282 -2.5800000246090349 0 0 0 -1 3.6307786400000003e-07 -0.99999999999993416 0 -0.99999999999993416 -3.6307786400000003e-07 -0 0.78000000000066905
1 -6.6308874504625237 -5.4713203434062052 0 -0.70710678118654813 0.70710678118654702 0 
2 -4.5095671069066157 -3.349999999843476 0 0 0 -1 0.70710678118541104 0.707106781187684 0 0.707106781187684 -0.70710678118541104 0 3.000000000000115
1 -2.2404328821357922 -6.3499999951227437 0 -1 -2.0802110000000001e-09 0 
2 -2.240432888381747 -3.349999995118651 0 0 0 -1 -2.0819849999999998e-09 1 0 1 2.0819849999999998e-09 0 3.000000000003666
1 2.220664485969337 -3.1315433078907522 0 -0.70710678118517301 -0.70710678118792203 0 
2 1.6691211966485751 -2.5800000185677159 0 0 0 -1 -0.70710678118509007 0.70710678118800507 0 0.70710678118800507 0.70710678118509007 0 0.77999999999889302
1 -0.50000010808616902 -1.7999992370596369 0 0.99999999999993505 -3.6028898200000007e-07 0 
2 -0.50000000000181899 -1.4999992370644579 0 0 0 1 -1 1.515825e-11 0 -1.515825e-11 -1 0 0.29999999999752403
1 -0.79999999999927196 -0.79999999999927196 0 -3.2481989999999997e-12 -1 0 
2 0 -0.80000000000381999 0 0 0 1 0 1 0 -1 0 0 0.80000000000168803
1 13.249999999998181 0 0 -1 0 0 
2 13.24999999999136 -0.80000000000381999 0 0 0 1 1 5.6843419999999999e-12 -0 -5.6843419999999999e-12 1 0 0.80000000000524096
1 14.049999999999727 -1.49999923705991 0 0 1 0 
2 13.749999999997726 -1.49999923705991 0 0 0 1 3.6028874700000007e-07 -0.99999999999993516 0 0.99999999999993516 3.6028874700000007e-07 -0 0.30000000000107702
1 11.580878522331659 -1.800000018567971 0 0.99999999999993505 3.6028793300000008e-07 0 
2 11.580878803347332 -2.5800000185677159 0 0 0 -1 3.6027650400000007e-07 -0.99999999999993516 0 -0.99999999999993516 -3.6027650400000007e-07 -0 0.78000000000066905
1 13.369112544817199 -5.4713203386859277 0 -0.70710678118620407 0.70710678118689108 0 
2 15.490432888377654 -3.349999995118651 0 0 0 -1 0.70710678118541104 0.707106781187684 0 0.707106781187684 -0.70710678118541104 0 3.0000000000089959
1 17.759567100654294 -6.3499999998430212 0 -1 2.0802110000000001e-09 0 
2 17.759567106895702 -3.3499999998366552 0 0 0 -1 2.080469e-09 1 0 1 -2.080469e-09 0 3.0000000000089959
1 22.220664479930292 -3.131543313934344 0 -0.70710678118654757 -0.70710678118654757 0 
2 21.669121190600436 -2.5800000246090349 0 0 0 -1 -0.70710678118946302 0.70710678118363202 0 0.70710678118363202 0.70710678118946302 0 0.78000000000066905
1 19.499999891077096 -1.7999992370596369 0 0.99999999999993405 -3.6307307900000003e-07 0 
2 19.499999999998181 -1.4999992370644579 0 0 0 1 -1 1.515825e-11 0 -1.515825e-11 -1 0 0.29999999999752403
1 19.200000000000728 -0.79999999999927196 0 -3.2481989999999997e-12 -1 0 
2 19.999999999997726 -0.79999999999927196 0 0 0 1 0 1 0 -1 0 0 0.79999999999635896
1 24.624999999998636 0 0 -1 0 0 
2 24.624999999998636 -1.999999999998181 0 0 0 1 1 0 -0 -0 1 0 1.999999999998892
1 26.624999999996817 -6.6249999999990914 0 0 1 0 
2 25.824999999999818 -6.625000000003638 0 0 0 1 -2.842171e-12 -1 0 1 -2.842171e-12 0 0.79999999999458304
1 25.12500076293918 -7.4250000000006366 0 1 0 0 
2 25.12500076293918 -7.1249999999986358 0 0 0 1 -0.99999999999993516 -3.6028874700000007e-07 0 3.6028874700000007e-07 -0.99999999999993516 0 0.30000000000107702
1 24.824999981426572 -4.9558785223325694 0 3.6028898200000007e-07 -0.99999999999993505 0 
2 24.044999981426827 -4.9558788033550627 0 0 0 -1 -0.99999999999993516 -3.6028524900000003e-07 -0 -3.6028524900000003e-07 0.99999999999993516 0 0.77999999999889302
1 21.153679661315437 -6.744112544820382 0 0.70710678118654746 0.70710678118654746 0 
2 23.275000004875892 -8.8654328883785638 0 0 0 -1 0.70710678118692605 -0.70710678118616899 0 -0.70710678118616899 -0.70710678118692605 -0 3.0000000000001141
1 20.275000000153796 -11.134567100659751 0 2.0812129999999998e-09 1 0 
2 9.9749999998357453 -11.134567106901159 0 0 0 1 -0.70710678118692605 0.70710678118616899 0 -0.70710678118616899 -0.70710678118692605 0 3.0000000000036668
1 12.974999999839838 -11.134567100659751 0 -2.0812129999999998e-09 1 0 
2 9.9749999951177415 -8.8654328883785638 0 0 0 1 -1 -2.079711e-09 0 2.079711e-09 -1 0 3.0000000000001141
1 12.096320338682744 -6.744112544820382 0 -0.70710678275643502 0.70710677961666002 0 
2 6.6249999819865479 -4.10121933088476 0 0 0 1 -0.70710678118654757 -0.70710678118654757 0 0.70710678118654757 -0.70710678118654757 0 2.0000000000024438
1 5.2107864196113951 -2.6870057685118809 0 -0.70710677961725499 -0.70710678275584005 0 
2 3.2750000048736179 -8.8654328883785638 0 0 0 1 0.70710678118579007 -0.70710678118730508 0 0.70710678118730508 0.70710678118579007 -0 2.9999999999983369
1 0.27500000487634702 -8.8654328821394301 0 -2.0812129999999998e-09 -1 0 
2 3.27500000014652 -11.134567106905706 0 0 0 1 1 -2.0819849999999998e-09 0 2.0819849999999998e-09 1 -0 2.9999999999947851
1 1.1536796565974341 -13.255887450463888 0 0.70710678340614552 -0.7071067789669494 0 
2 6.6250000254717634 -15.898780669117514 0 0 0 1 0.70710678118654757 0.70710678118654757 -0 -0.70710678118654757 0.70710678118654757 0 2.0000000000024438
1 8.0392135878446425 -17.312994231492667 0 0.707106778966751 0.70710678340634392 0 
2 16.624999999996817 -10 0 0 0 1 -1 0 0 0 -1 0 2.1500000000003179
2 -3.3750000000031828 -10 0 0 0 1 -1 0 0 0 -1 0 2.1500000000003179
Polygon3D 0
PolygonOnTriangulations 0
Surfaces 119
1 6.6249999999951807 -9.9999999992848405 0 0 0 1 1 0 -0 -0 1 0 
2 23.275000000155615 -11.134567106901159 0 0 0 1 1 -2.080469e-09 0 2.080469e-09 1 -0 3.000000000003666
1 21.153679656597433 -13.255887450463888 0 0.70710678118654757 0.70710678118654757 0 0 0 -1 -0.70710678118654757 0.70710678118654757 0 
2 24.044999975392329 -15.044121190605892 0 0 0 1 0.70710678118509007 0.70710678118800507 -0 -0.70710678118800507 0.70710678118509007 0 0.77999999999889302
1 24.824999975392075 -15.044121473802079 0 -0.99999999999993416 3.6307098300000005e-07 0 0 0 1 3.6307098300000005e-07 0.99999999999993416 -0 
2 25.12500076293918 -12.875000000001364 0 0 0 1 0 1 0 -1 0 0 0.30000000000107702
1 25.12500076293918 -12.574999999999363 0 0 1 0 0 -0 1 1 0 -0 
2 25.825000000004366 -13.374999999998636 0 0 0 1 1 -2.842171e-12 0 2.842171e-12 1 -0 0.79999999999280602
1 26.624999999996817 -13.375000000000909 0 1 0 0 0 0 -1 -0 1 0 
2 24.624999999998636 -17.999999999999545 0 0 0 1 0 -1 0 1 0 -0 1.999999999998892
1 24.624999999998636 -20 0 0 -1 0 0 0 -1 1 0 0 
2 19.999999999997726 -19.200000000000728 0 0 0 1 -1 0 0 0 -1 0 0.799999999999912
1 19.199999999998454 -19.200000000000728 0 -1 3.2481990000000001e-12 0 0 0 1 3.2481990000000001e-12 1 -0 
2 19.499999999998181 -18.500000762935542 0 0 0 1 -3.6028116800000005e-07 0.99999999999993516 0 -0.99999999999993516 -3.6028116800000005e-07 0 0.29999999999752403
1 19.499999891913831 -18.200000762940363 0 -3.6028688500000003e-07 0.99999999999993516 0 0 0 1 0.99999999999993516 3.6028688500000003e-07 -0 
2 21.669121196644028 -17.419999981439105 0 0 0 1 -3.6028524900000003e-07 0.99999999999993516 0 -0.99999999999993516 -3.6028524900000003e-07 0 0.77999999999889302
1 22.220664485969337 -16.868456692109248 0 -0.70710678118620407 -0.70710678118689108 0 0 0 1 -0.70710678118689108 0.70710678118620407 0 
2 17.759567111625074 -16.650000004883623 0 0 0 1 -0.70710678118427406 -0.70710678118882109 0 0.70710678118882109 -0.70710678118427406 0 3.0000000000036668
1 17.759567117864208 -13.65000000487953 0 -2.0812129999999998e-09 -1 0 -0 0 -1 1 -2.0812129999999998e-09 -0 
2 15.490432893097932 -16.650000000156524 0 0 0 1 -2.0812270000000001e-09 -1 0 1 -2.0812270000000001e-09 0 3.0000000000001141
1 13.369112549537476 -14.528679656598342 0 0.70710678118620407 -0.70710678118689108 0 0 0 -1 0.70710678118689108 0.70710678118620407 0 
2 11.580878809390924 -17.419999975393239 0 0 0 1 0.70710678118654757 -0.70710678118654757 0 0.70710678118654757 0.70710678118654757 -0 0.78000000000066905
1 11.580878526194738 -18.199999975395258 0 3.6307098300000005e-07 0.99999999999993416 0 0 -0 1 0.99999999999993416 -3.6307098300000005e-07 -0 
2 13.749999999993179 -18.500000762944637 0 0 0 1 1 7.5791230000000006e-12 -0 -7.5791230000000006e-12 1 0 0.30000000000463001
1 14.049999999999727 -18.500000762942364 0 1 0 0 0 0 -1 -0 1 0 
2 13.250000000000455 -19.200000000003001 0 0 0 1 -2.842171e-12 -1 0 1 -2.842171e-12 0 0.79999999999813498
1 13.249999999998181 -20 0 0 -1 0 0 0 -1 1 0 0 
2 -6.8212100000000002e-12 -19.200000000009823 0 0 0 1 -1 1.1368680000000001e-11 0 -1.1368680000000001e-11 -1 0 0.79999999999458304
1 -0.80000000000154603 -19.200000000000728 0 -1 0 0 0 0 1 0 1 -0 
2 -0.49999999999954498 -18.500000762942364 0 0 0 1 -3.6307786400000003e-07 0.99999999999993416 0 -0.99999999999993416 -3.6307786400000003e-07 0 0.30000000000107702
1 -0.50000010892290403 -18.200000762940363 0 -3.6307098300000005e-07 0.99999999999993416 0 0 0 1 0.99999999999993416 3.6307098300000005e-07 -0 
2 1.669121190604983 -17.419999975393239 0 0 0 1 -3.6307203400000005e-07 0.99999999999993416 0 -0.99999999999993416 -3.6307203400000005e-07 0 0.77999999999889302
1 2.2206644799302921 -16.86845668606793 0 -0.70710678118620407 -0.70710678118689108 0 0 0 1 -0.70710678118689108 0.70710678118620407 0 
2 -2.2404328931042978 -16.650000000163345 0 0 0 1 -0.70710678118616899 -0.70710678118692605 0 0.70710678118692605 -0.70710678118616899 0 3.0000000000089968
1 -2.2404328993457061 -13.650000000156979 0 2.0812129999999998e-09 -1 0 0 0 -1 1 2.0812129999999998e-09 0 
2 -4.5095671116223457 -16.650000004890444 0 0 0 1 2.0827429999999999e-09 -1 0 1 2.0827429999999999e-09 -0 3.0000000000054419
1 -6.6308874551828012 -14.52867966131862 0 0.70710678118620407 -0.70710678118689108 0 0 0 -1 0.70710678118689108 0.70710678118620407 0 
2 -8.419121196652668 -17.419999981439105 0 0 0 1 0.70710678118217507 -0.70710678119092008 0 0.70710678119092008 0.70710678118217507 -0 0.77999999999889302
1 -8.4191214776728884 -18.199999981434303 0 3.6028688500000003e-07 0.99999999999993516 0 0 -0 1 0.99999999999993516 -3.6028688500000003e-07 -0 
2 -6.2500000000022737 -18.500000762942364 0 0 0 1 1 0 -0 -0 1 0 0.30000000000107702
1 -5.9500000000002728 -18.500000762942364 0 1 0 0 0 0 -1 -0 1 0 
2 -6.750000000001819 -19.200000000000728 0 0 0 1 0 -1 0 1 0 -0 0.80000000000168803
1 -6.750000000001819 -20 0 0 -1 0 0 0 -1 1 0 0 
2 -11.375000000002728 -17.999999999999545 0 0 0 1 -1 0 0 0 -1 0 1.999999999998892
1 -13.375000000003183 -17.999999999999545 0 -1 0 0 0 0 1 0 1 -0 
2 -12.575000000006185 -13.374999999998636 0 0 0 1 5.6843419999999999e-12 1 -0 -1 5.6843419999999999e-12 0 0.79999999999635896
1 -12.575000000001637 -12.574999999999363 0 0 1 0 0 -0 1 1 0 -0 
2 -11.875000762936452 -12.874999999999091 0 0 0 1 0.99999999999993416 3.6305512700000003e-07 -0 -3.6305512700000003e-07 0.99999999999993416 0 0.29999999999752403
1 -11.575000762941272 -12.874999891082552 0 0.99999999999993416 3.6306993400000006e-07 0 0 0 -1 -3.6306993400000006e-07 0.99999999999993416 0 
2 -10.794999975394148 -15.044121190605892 0 0 0 1 0.99999999999993416 3.6307203400000005e-07 -0 -3.6307203400000005e-07 0.99999999999993416 0 0.78000000000066905
1 -10.243456686071113 -15.595664479933475 0 -0.70710678118620407 0.70710678118689108 0 0 0 1 0.70710678118689108 0.70710678118620407 -0 
2 -10.025000000159707 -11.134567106901159 0 0 0 1 -0.70710678118616899 0.70710678118692605 0 -0.70710678118692605 -0.70710678118616899 0 3.000000000003666
1 -7.0250000001578883 -11.134567100659751 0 -1 -2.0822149999999999e-09 0 0 0 1 -2.0822149999999999e-09 1 0 
2 -10.025000004882259 -8.8654328883785638 0 0 0 1 -1 -2.079711e-09 0 2.079711e-09 -1 0 3.0000000000001141
1 -7.9036796613172564 -6.744112544820382 0 -0.70710678118620407 -0.70710678118689108 0 0 0 1 -0.70710678118689108 0.70710678118620407 0 
2 -10.794999981435467 -4.9558788033550627 0 0 0 1 -0.70710678118654757 -0.70710678118654757 0 0.70710678118654757 -0.70710678118654757 0 0.78000000000066905
1 -11.574999981437486 -4.9558785223325694 0 0.99999999999993516 -3.6028583700000004e-07 0 0 0 -1 3.6028583700000004e-07 0.99999999999993516 0 
2 -11.875000762936452 -7.1250000000077307 0 0 0 1 -1.515825e-11 -1 0 1 -1.515825e-11 0 0.299999999995748
1 -11.875000762940999 -7.4250000000006366 0 0 -1 0 0 0 -1 1 0 0 
2 -12.575000000001637 -6.6249999999990914 0 0 0 1 -1 0 0 0 -1 0 0.799999999999912
1 -13.375000000003183 -6.6249999999990914 0 -1 0 0 0 0 1 0 1 -0 
2 -11.375000000002728 -1.999999999998181 0 0 0 1 0 1 0 -1 0 0 1.999999999998892
1 -11.375000000002728 0 0 0 1 0 0 -0 1 1 0 -0 
2 -6.750000000001819 -0.79999999999927196 0 0 0 1 1 0 -0 -0 1 0 0.80000000000168803
1 -5.9500000000002728 -0.79999999999927196 0 1 0 0 0 0 -1 -0 1 0 
2 -6.25 -1.49999923705991 0 0 0 1 3.6307786400000003e-07 -0.99999999999993416 0 0.99999999999993416 3.6307786400000003e-07 -0 0.30000000000107702
1 -6.2499998910766408 -1.7999992370596369 0 3.6307307900000003e-07 -0.99999999999993416 0 0 0 -1 0.99999999999993416 3.6307307900000003e-07 0 
2 -8.4191211906045282 -2.5800000246090349 0 0 0 1 3.6307786400000003e-07 -0.99999999999993416 0 0.99999999999993416 3.6307786400000003e-07 -0 0.78000000000066905
1 -8.9706644799343849 -3.131543313934344 0 0.70710678118654757 0.70710678118654757 0 0 0 -1 -0.70710678118654757 0.70710678118654757 0 
2 -4.5095671069066157 -3.349999999843476 0 0 0 1 0.70710678118541104 0.707106781187684 -0 -0.707106781187684 0.70710678118541104 0 3.000000000000115
1 -4.5095671006583871 -6.3499999998430212 0 -2.0802110000000001e-09 1 0 0 0 1 1 2.0802110000000001e-09 -0 
2 -2.240432888381747 -3.349999995118651 0 0 0 1 -2.0819849999999998e-09 1 0 -1 -2.0819849999999998e-09 0 3.000000000003666
1 -0.11911254481674401 -5.4713203386859277 0 -0.70710678118792203 0.70710678118517301 0 0 0 1 0.70710678118517301 0.70710678118792203 -0 
2 1.6691211966485751 -2.5800000185677159 0 0 0 1 -0.70710678118509007 0.70710678118800507 0 -0.70710678118800507 -0.70710678118509007 0 0.77999999999889302
1 1.669121477666522 -1.8000000185702449 0 -3.6028898200000007e-07 -0.99999999999993516 0 -0 0 -1 0.99999999999993516 -3.6028898200000007e-07 -0 
2 -0.50000000000181899 -1.4999992370644579 0 0 0 1 -1 1.515825e-11 0 -1.515825e-11 -1 0 0.29999999999752403
1 -0.80000000000154603 -1.49999923705991 0 -1 3.2481990000000001e-12 0 0 0 1 3.2481990000000001e-12 1 -0 
2 0 -0.80000000000381999 0 0 0 1 0 1 0 -1 0 0 0.80000000000168803
1 0 0 0 0 1 0 0 -0 1 1 0 -0 
2 13.24999999999136 -0.80000000000381999 0 0 0 1 1 5.6843419999999999e-12 -0 -5.6843419999999999e-12 1 0 0.80000000000524096
1 14.049999999999727 -0.79999999999927196 0 1 0 0 0 0 -1 -0 1 0 
2 13.749999999997726 -1.49999923705991 0 0 0 1 3.6028874700000007e-07 -0.99999999999993516 0 0.99999999999993516 3.6028874700000007e-07 -0 0.30000000000107702
1 13.75000010808435 -1.7999992370596369 0 3.6028793300000008e-07 -0.99999999999993516 0 0 0 -1 0.99999999999993516 3.6028793300000008e-07 0 
2 11.580878803347332 -2.5800000185677159 0 0 0 1 3.6027650400000007e-07 -0.99999999999993516 0 0.99999999999993516 3.6027650400000007e-07 -0 0.78000000000066905
1 11.029335514024297 -3.1315433078907522 0 0.70710678118689108 0.70710678118620407 0 0 0 -1 -0.70710678118620407 0.70710678118689108 0 
2 15.490432888377654 -3.349999995118651 0 0 0 1 0.70710678118541104 0.707106781187684 -0 -0.707106781187684 0.70710678118541104 0 3.0000000000089959
1 15.490432882133973 -6.3499999951227437 0 2.0802110000000001e-09 1 0 0 -0 1 1 -2.0802110000000001e-09 -0 
2 17.759567106895702 -3.3499999998366552 0 0 0 1 2.080469e-09 1 -0 -1 2.080469e-09 0 3.0000000000089959
1 19.880887450458431 -5.4713203434062052 0 -0.70710678118654757 0.70710678118654757 0 0 0 1 0.70710678118654757 0.70710678118654757 -0 
2 21.669121190600436 -2.5800000246090349 0 0 0 1 -0.70710678118946302 0.70710678118363202 0 -0.70710678118363202 -0.70710678118946302 0 0.78000000000066905
1 21.669121473801169 -1.80000002460929 0 -3.6307307900000003e-07 -0.99999999999993416 0 -0 0 -1 0.99999999999993416 -3.6307307900000003e-07 -0 
2 19.499999999998181 -1.4999992370644579 0 0 0 1 -1 1.515825e-11 0 -1.515825e-11 -1 0 0.29999999999752403
1 19.199999999998454 -1.49999923705991 0 -1 3.2481990000000001e-12 0 0 0 1 3.2481990000000001e-12 1 -0 
2 19.999999999997726 -0.79999999999927196 0 0 0 1 0 1 0 -1 0 0 0.79999999999635896
1 19.999999999997726 0 0 0 1 0 0 -0 1 1 0 -0 
2 24.624999999998636 -1.999999999998181 0 0 0 1 1 0 -0 -0 1 0 1.999999999998892
1 26.624999999996817 -1.999999999998181 0 1 0 0 0 0 -1 -0 1 0 
2 25.824999999999818 -6.625000000003638 0 0 0 1 -2.842171e-12 -1 0 1 -2.842171e-12 0 0.79999999999458304
1 25.824999999997544 -7.4250000000006366 0 0 -1 0 0 0 -1 1 0 0 
2 25.12500076293918 -7.1249999999986358 0 0 0 1 -0.99999999999993516 -3.6028874700000007e-07 0 3.6028874700000007e-07 -0.99999999999993516 0 0.30000000000107702
1 24.825000762937179 -7.1250001080852599 0 -0.99999999999993516 -3.6028898200000007e-07 0 0 0 1 -3.6028898200000007e-07 0.99999999999993516 0 
2 24.044999981426827 -4.9558788033550627 0 0 0 1 -0.99999999999993516 -3.6028524900000003e-07 0 3.6028524900000003e-07 -0.99999999999993516 0 0.77999999999889302
1 23.493456692106065 -4.4043355140297544 0 0.70710678118654757 -0.70710678118654757 0 0 0 -1 0.70710678118654757 0.70710678118654757 0 
2 23.275000004875892 -8.8654328883785638 0 0 0 1 0.70710678118692605 -0.70710678118616899 0 0.70710678118616899 0.70710678118692605 -0 3.0000000000001141
1 20.275000004876347 -8.8654328821394301 0 1 -2.0812129999999998e-09 0 0 0 -1 2.0812129999999998e-09 1 0 
2 9.9749999998357453 -11.134567106901159 0 0 0 1 -0.70710678118692605 0.70710678118616899 0 -0.70710678118616899 -0.70710678118692605 0 3.0000000000036668
1 12.974999995117287 -8.8654328821394301 0 1 2.0812129999999998e-09 0 0 0 -1 -2.0812129999999998e-09 1 0 
2 9.9749999951177415 -8.8654328883785638 0 0 0 1 -1 -2.079711e-09 0 2.079711e-09 -1 0 3.0000000000001141
1 8.039213544359427 -2.6870057685118809 0 0.70710677961666002 0.70710678275643502 0 0 0 -1 -0.70710678275643502 0.70710677961666002 0 
2 6.6249999819865479 -4.10121933088476 0 0 0 1 -0.70710678118654757 -0.70710678118654757 0 0.70710678118654757 -0.70710678118654757 0 2.0000000000024438
1 1.153679661315437 -6.7441125448158354 0 -0.70710678275584005 0.70710677961725499 0 0 0 1 0.70710677961725499 0.70710678275584005 -0 
2 3.2750000048736179 -8.8654328883785638 0 0 0 1 0.70710678118579007 -0.70710678118730508 0 0.70710678118730508 0.70710678118579007 -0 2.9999999999983369
1 0.275000000153796 -11.134567100659751 0 -1 2.0812129999999998e-09 0 0 0 1 2.0812129999999998e-09 1 -0 
2 3.27500000014652 -11.134567106905706 0 0 0 1 1 -2.0819849999999998e-09 0 2.0819849999999998e-09 1 -0 2.9999999999947851
1 5.2107864630966114 -17.312994231492667 0 -0.70710677896694951 -0.70710678340614552 0 0 0 1 -0.70710678340614552 0.70710677896694951 0 
2 6.6250000254717634 -15.898780669117514 0 0 0 1 0.70710678118654757 0.70710678118654757 -0 -0.70710678118654757 0.70710678118654757 0 2.0000000000024438
1 12.096320343400748 -13.255887450463888 0 0.70710678340634403 -0.707106778966751 0 0 0 -1 0.707106778966751 0.70710678340634403 0 
10 3.1415926535897931 9.4247779607693793 0 1000
2 16.624999999996817 -10 0 0 0 1 -1 0 0 0 -1 0 2.1500000000003179
10 3.1415926535897931 9.4247779607693793 0 1000
2 -3.3750000000031828 -10 0 0 0 1 -1 0 0 0 -1 0 2.1500000000003179
Triangulations 0

TShapes 241
Ve
1e-07
21.1536796565974 -13.2558874504639 0
0 0

0101101
*
Ve
1e-07
20.2750000001538 -11.1345671006598 0
0 0

0101101
*
Ed
 1e-07 1 1 0
1  1 0 2.3561944881108 3.14159265358979
2  1 2 0 2.3561944881108 3.14159265358979
4 C0 2 0 1 0
0

0101000
+241 0 -240 0 *
Ve
1e-07
23.493456686067 -15.5956644799335 0
0 0

0101101
*
Ed
 1e-07 1 1 0
1  2 0 0 3.30894440800492
4 C0 3 0 1 0
0

0101000
+238 0 -241 0 *
Ve
1e-07
24.8249999753921 -15.0441214738021 0
0 0

0101101
*
Ed
 1e-07 1 1 0
1  3 0 0.785398526471543 3.14159265358979
2  2 4 0 0.785398526471543 3.14159265358979
4 C0 4 0 1 0
0

0101000
+236 0 -238 0 *
Ve
1e-07
24.8250007629372 -12.8749998910826 0
0 0

0101101
*
Ed
 1e-07 1 1 0
1  4 0 0 2.16912158271967
4 C0 5 0 1 0
0

0101000
+234 0 -236 0 *
Ve
1e-07
25.1250007629392 -12.5749999999994 0
0 0

0101101
*
Ed
 1e-07 1 1 0
1  5 0 0 1.57079596373219
2  3 6 0 0 1.57079596373219
4 C0 6 0 1 0
0

0101000
+232 0 -234 0 *
Ve
1e-07
25.8249999999975 -12.5749999999994 0
0 0

0101101
*
Ed
 1e-07 1 1 0
1  6 0 0 0.699999237058364
4 C0 7 0 1 0
0

0101000
+230 0 -232 0 *
Ve
1e-07
26.6249999999968 -13.3750000000009 0
0 0

0101101
*
Ed
 1e-07 1 1 0
1  7 0 0 1.57079632680627
2  4 8 0 0 1.57079632680627
4 C0 8 0 1 0
0

0101000
+228 0 -230 0 *
Ve
1e-07
26.6249999999968 -17.9999999999995 0
0 0

0101101
*
Ed
 1e-07 1 1 0
1  8 0 0 4.62499999999864
4 C0 9 0 1 0
0

0101000
+226 0 -228 0 *
Ve
1e-07
24.6249999999986 -20 0
0 0

0101101
*
Ed
 1e-07 1 1 0
1  9 0 0 1.5707963267949
2  5 10 0 0 1.5707963267949
4 C0 10 0 1 0
0

0101000
+224 0 -226 0 *
Ve
1e-07
19.9999999999977 -20 0
0 0

0101101
*
Ed
 1e-07 1 1 0
1  10 0 0 4.62500000000091
4 C0 11 0 1 0
0

0101000
+222 0 -224 0 *
Ve
1e-07
19.1999999999985 -19.2000000000007 0
0 0

0101101
*
Ed
 1e-07 1 1 0
1  11 0 0 1.5707963267949
2  6 12 0 0 1.5707963267949
4 C0 12 0 1 0
0

0101000
+220 0 -222 0 *
Ve
1e-07
19.2000000000007 -18.5000007629424 0
0 0

0101101
*
Ed
 1e-07 1 1 0
1  12 0 0 0.699999237058364
4 C0 13 0 1 0
0

0101000
+218 0 -220 0 *
Ve
1e-07
19.4999998919138 -18.2000007629404 0
0 0

0101101
*
Ed
 1e-07 1 1 0
1  13 0 0 1.57079596653647
2  7 14 0 0 1.57079596653647
4 C0 14 0 1 0
0

0101000
+216 0 -218 0 *
Ve
1e-07
21.6691214776665 -18.1999999814343 0
0 0

0101101
*
Ed
 1e-07 1 1 0
1  14 0 0 2.16912158575283
4 C0 15 0 1 0
0

0101000
+214 0 -216 0 *
Ve
1e-07
22.2206644859693 -16.8684566921092 0
0 0

0101101
*
Ed
 1e-07 1 1 0
1  15 0 0.785398523678575 3.14159265358979
2  8 16 0 0.785398523678575 3.14159265358979
4 C0 16 0 1 0
0

0101000
+212 0 -214 0 *
Ve
1e-07
19.8808874551764 -14.5286796613186 0
0 0

0101101
*
Ed
 1e-07 1 1 0
1  16 0 0 3.30894440987477
4 C0 17 0 1 0
0

0101000
+210 0 -212 0 *
Ve
1e-07
17.7595671178642 -13.6500000048795 0
0 0

0101101
*
Ed
 1e-07 1 1 0
1  17 0 2.35619449227527 3.14159265358979
2  9 18 0 2.35619449227527 3.14159265358979
4 C0 18 0 1 0
0

0101000
+208 0 -210 0 *
Ve
1e-07
15.4904328993416 -13.650000000157 0
0 0

0101101
*
Ed
 1e-07 1 1 0
1  18 0 0 2.26913421852259
4 C0 19 0 1 0
0

0101000
+206 0 -208 0 *
Ve
1e-07
13.3691125495375 -14.5286796565983 0
0 0

0101101
*
Ed
 1e-07 1 1 0
1  19 0 2.35619448811058 3.14159265358979
2  10 20 0 2.35619448811058 3.14159265358979
4 C0 20 0 1 0
0

0101000
+204 0 -206 0 *
Ve
1e-07
11.0293355200656 -16.8684566860679 0
0 0

0101101
*
Ed
 1e-07 1 1 0
1  20 0 0 3.30894440800653
4 C0 21 0 1 0
0

0101000
+202 0 -204 0 *
Ve
1e-07
11.5808785261947 -18.1999999753953 0
0 0

0101101
*
Ed
 1e-07 1 1 0
1  21 0 0.785398526469482 3.14159265358979
2  11 22 0 0.785398526469482 3.14159265358979
4 C0 22 0 1 0
0

0101000
+200 0 -202 0 *
Ve
1e-07
13.7500001089165 -18.2000007629404 0
0 0

0101101
*
Ed
 1e-07 1 1 0
1  22 0 0 2.16912158272194
4 C0 23 0 1 0
0

0101000
+198 0 -200 0 *
Ve
1e-07
14.0499999999997 -18.5000007629424 0
0 0

0101101
*
Ed
 1e-07 1 1 0
1  23 0 0 1.57079596370945
2  12 24 0 0 1.57079596370945
4 C0 24 0 1 0
0

0101000
+196 0 -198 0 *
Ve
1e-07
14.0499999999997 -19.2000000000007 0
0 0

0101101
*
Ed
 1e-07 1 1 0
1  24 0 0 0.699999237058364
4 C0 25 0 1 0
0

0101000
+194 0 -196 0 *
Ve
1e-07
13.2499999999982 -20 0
0 0

0101101
*
Ed
 1e-07 1 1 0
1  25 0 0 1.57079632680058
2  13 26 0 0 1.57079632680058
4 C0 26 0 1 0
0

0101000
+192 0 -194 0 *
Ve
1e-07
-2.273737e-12 -20 0
0 0

0101101
*
Ed
 1e-07 1 1 0
1  26 0 0 13.2500000000005
4 C0 27 0 1 0
0

0101000
+190 0 -192 0 *
Ve
1e-07
-0.800000000001546 -19.2000000000007 0
0 0

0101101
*
Ed
 1e-07 1 1 0
1  27 0 0 1.57079632681195
2  14 28 0 0 1.57079632681195
4 C0 28 0 1 0
0

0101000
+188 0 -190 0 *
Ve
1e-07
-0.800000000001546 -18.5000007629424 0
0 0

0101101
*
Ed
 1e-07 1 1 0
1  28 0 0 0.699999237058364
4 C0 29 0 1 0
0

0101000
+186 0 -188 0 *
Ve
1e-07
-0.500000108922904 -18.2000007629404 0
0 0

0101101
*
Ed
 1e-07 1 1 0
1  29 0 0 1.57079596371703
2  15 30 0 0 1.57079596371703
4 C0 30 0 1 0
0

0101000
+184 0 -186 0 *
Ve
1e-07
1.66912147380117 -18.1999999753953 0
0 0

0101101
*
Ed
 1e-07 1 1 0
1  30 0 0 2.16912158272422
4 C0 31 0 1 0
0

0101000
+182 0 -184 0 *
Ve
1e-07
2.22066447993029 -16.8684566860679 0
0 0

0101101
*
Ed
 1e-07 1 1 0
1  31 0 0.785398526469482 3.14159265358979
2  16 32 0 0.785398526469482 3.14159265358979
4 C0 32 0 1 0
0

0101000
+180 0 -182 0 *
Ve
1e-07
-0.119112549541569 -14.5286796565983 0
0 0

0101101
*
Ed
 1e-07 1 1 0
1  32 0 0 3.30894440800653
4 C0 33 0 1 0
0

0101000
+178 0 -180 0 *
Ve
1e-07
-2.24043289934571 -13.650000000157 0
0 0

0101101
*
Ed
 1e-07 1 1 0
1  33 0 2.35619448811241 3.14159265358979
2  17 34 0 2.35619448811241 3.14159265358979
4 C0 34 0 1 0
0

0101000
+176 0 -178 0 *
Ve
1e-07
-4.50956711787057 -13.6500000048795 0
0 0

0101101
*
Ed
 1e-07 1 1 0
1  34 0 0 2.26913421852487
4 C0 35 0 1 0
0

0101000
+174 0 -176 0 *
Ve
1e-07
-6.6308874551828 -14.5286796613186 0
0 0

0101101
*
Ed
 1e-07 1 1 0
1  35 0 2.35619449227777 3.14159265358979
2  18 36 0 2.35619449227777 3.14159265358979
4 C0 36 0 1 0
0

0101000
+172 0 -174 0 *
Ve
1e-07
-8.9706644859757 -16.8684566921092 0
0 0

0101101
*
Ed
 1e-07 1 1 0
1  36 0 0 3.30894440987477
4 C0 37 0 1 0
0

0101000
+170 0 -172 0 *
Ve
1e-07
-8.41912147767289 -18.1999999814343 0
0 0

0101101
*
Ed
 1e-07 1 1 0
1  37 0 0.785398523673599 3.14159265358979
2  19 38 0 0.785398523673599 3.14159265358979
4 C0 38 0 1 0
0

0101000
+168 0 -170 0 *
Ve
1e-07
-6.24999989191565 -18.2000007629404 0
0 0

0101101
*
Ed
 1e-07 1 1 0
1  38 0 0 2.16912158575738
4 C0 39 0 1 0
0

0101000
+166 0 -168 0 *
Ve
1e-07
-5.95000000000027 -18.5000007629424 0
0 0

0101101
*
Ed
 1e-07 1 1 0
1  39 0 0 1.57079596650615
2  20 40 0 0 1.57079596650615
4 C0 40 0 1 0
0

0101000
+164 0 -166 0 *
Ve
1e-07
-5.95000000000027 -19.2000000000007 0
0 0

0101101
*
Ed
 1e-07 1 1 0
1  40 0 0 0.699999237058364
4 C0 41 0 1 0
0

0101000
+162 0 -164 0 *
Ve
1e-07
-6.75000000000182 -20 0
0 0

0101101
*
Ed
 1e-07 1 1 0
1  41 0 0 1.5707963267949
2  21 42 0 0 1.5707963267949
4 C0 42 0 1 0
0

0101000
+160 0 -162 0 *
Ve
1e-07
-11.3750000000027 -20 0
0 0

0101101
*
Ed
 1e-07 1 1 0
1  42 0 0 4.62500000000091
4 C0 43 0 1 0
0

0101000
+158 0 -160 0 *
Ve
1e-07
-13.3750000000032 -17.9999999999995 0
0 0

0101101
*
Ed
 1e-07 1 1 0
1  43 0 0 1.5707963267949
2  22 44 0 0 1.5707963267949
4 C0 44 0 1 0
0

0101000
+156 0 -158 0 *
Ve
1e-07
-13.3750000000032 -13.3750000000009 0
0 0

0101101
*
Ed
 1e-07 1 1 0
1  44 0 0 4.62499999999864
4 C0 45 0 1 0
0

0101000
+154 0 -156 0 *
Ve
1e-07
-12.5750000000016 -12.5749999999994 0
0 0

0101101
*
Ed
 1e-07 1 1 0
1  45 0 0 1.57079632680342
2  23 46 0 0 1.57079632680342
4 C0 46 0 1 0
0

0101000
+152 0 -154 0 *
Ve
1e-07
-11.875000762941 -12.5749999999994 0
0 0

0101101
*
Ed
 1e-07 1 1 0
1  46 0 0 0.699999237060638
4 C0 47 0 1 0
0

0101000
+150 0 -152 0 *
Ve
1e-07
-11.5750007629413 -12.8749998910826 0
0 0

0101101
*
Ed
 1e-07 1 1 0
1  47 0 0 1.57079596375493
2  24 48 0 0 1.57079596375493
4 C0 48 0 1 0
0

0101000
+148 0 -150 0 *
Ve
1e-07
-11.5749999753984 -15.0441214738021 0
0 0

0101101
*
Ed
 1e-07 1 1 0
1  48 0 0 2.16912158271967
4 C0 49 0 1 0
0

0101000
+146 0 -148 0 *
Ve
1e-07
-10.2434566860711 -15.5956644799335 0
0 0

0101101
*
Ed
 1e-07 1 1 0
1  49 0 0.785398526473605 3.14159265358979
2  25 50 0 0.785398526473605 3.14159265358979
4 C0 50 0 1 0
0

0101000
+144 0 -146 0 *
Ve
1e-07
-7.90367965659925 -13.2558874504639 0
0 0

0101101
*
Ed
 1e-07 1 1 0
1  50 0 0 3.30894440800653
4 C0 51 0 1 0
0

0101000
+142 0 -144 0 *
Ve
1e-07
-7.02500000015789 -11.1345671006598 0
0 0

0101101
*
Ed
 1e-07 1 1 0
1  51 0 2.35619448811134 3.14159265358979
2  26 52 0 2.35619448811134 3.14159265358979
4 C0 52 0 1 0
0

0101000
+140 0 -142 0 *
Ve
1e-07
-7.02500000488271 -8.86543288213943 0
0 0

0101101
*
Ed
 1e-07 1 1 0
1  52 0 0 2.26913421852032
4 C0 53 0 1 0
0

0101000
+138 0 -140 0 *
Ve
1e-07
-7.90367966131726 -6.74411254482038 0
0 0

0101101
*
Ed
 1e-07 1 1 0
1  53 0 2.35619449227366 3.14159265358979
2  27 54 0 2.35619449227366 3.14159265358979
4 C0 54 0 1 0
0

0101000
+136 0 -138 0 *
Ve
1e-07
-10.2434566921102 -4.40433551402975 0
0 0

0101101
*
Ed
 1e-07 1 1 0
1  54 0 0 3.30894440987476
4 C0 55 0 1 0
0

0101000
+134 0 -136 0 *
Ve
1e-07
-11.5749999814375 -4.95587852233257 0
0 0

0101101
*
Ed
 1e-07 1 1 0
1  55 0 0.785398523682696 3.14159265358979
2  28 56 0 0.785398523682696 3.14159265358979
4 C0 56 0 1 0
0

0101000
+132 0 -134 0 *
Ve
1e-07
-11.5750007629413 -7.12500010808526 0
0 0

0101101
*
Ed
 1e-07 1 1 0
1  56 0 0 2.16912158575283
4 C0 57 0 1 0
0

0101000
+130 0 -132 0 *
Ve
1e-07
-11.875000762941 -7.42500000000064 0
0 0

0101101
*
Ed
 1e-07 1 1 0
1  57 0 0 1.57079596655162
2  29 58 0 0 1.57079596655162
4 C0 58 0 1 0
0

0101000
+128 0 -130 0 *
Ve
1e-07
-12.5750000000016 -7.42500000000064 0
0 0

0101101
*
Ed
 1e-07 1 1 0
1  58 0 0 0.699999237060638
4 C0 59 0 1 0
0

0101000
+126 0 -128 0 *
Ve
1e-07
-13.3750000000032 -6.62499999999909 0
0 0

0101101
*
Ed
 1e-07 1 1 0
1  59 0 0 1.5707963267949
2  30 60 0 0 1.5707963267949
4 C0 60 0 1 0
0

0101000
+124 0 -126 0 *
Ve
1e-07
-13.3750000000032 -1.99999999999818 0
0 0

0101101
*
Ed
 1e-07 1 1 0
1  60 0 0 4.62500000000091
4 C0 61 0 1 0
0

0101000
+122 0 -124 0 *
Ve
1e-07
-11.3750000000027 0 0
0 0

0101101
*
Ed
 1e-07 1 1 0
1  61 0 0 1.5707963267949
2  31 62 0 0 1.5707963267949
4 C0 62 0 1 0
0

0101000
+120 0 -122 0 *
Ve
1e-07
-6.75000000000182 0 0
0 0

0101101
*
Ed
 1e-07 1 1 0
1  62 0 0 4.62500000000091
4 C0 63 0 1 0
0

0101000
+118 0 -120 0 *
Ve
1e-07
-5.95000000000027 -0.799999999999272 0
0 0

0101101
*
Ed
 1e-07 1 1 0
1  63 0 0 1.5707963267949
2  32 64 0 0 1.5707963267949
4 C0 64 0 1 0
0

0101000
+116 0 -118 0 *
Ve
1e-07
-5.95000000000027 -1.49999923705991 0
0 0

0101101
*
Ed
 1e-07 1 1 0
1  64 0 0 0.699999237060638
4 C0 65 0 1 0
0

0101000
+114 0 -116 0 *
Ve
1e-07
-6.24999989107664 -1.79999923705964 0
0 0

0101101
*
Ed
 1e-07 1 1 0
1  65 0 0 1.57079596371703
2  33 66 0 0 1.57079596371703
4 C0 66 0 1 0
0

0101000
+112 0 -114 0 *
Ve
1e-07
-8.41912147380526 -1.80000002460929 0
0 0

0101101
*
Ed
 1e-07 1 1 0
1  66 0 0 2.16912158272876
4 C0 67 0 1 0
0

0101000
+110 0 -112 0 *
Ve
1e-07
-8.97066447993438 -3.13154331393434 0
0 0

0101101
*
Ed
 1e-07 1 1 0
1  67 0 0.785398526479435 3.14159265358979
2  34 68 0 0.785398526479435 3.14159265358979
4 C0 68 0 1 0
0

0101000
+108 0 -110 0 *
Ve
1e-07
-6.63088745046252 -5.47132034340621 0
0 0

0101101
*
Ed
 1e-07 1 1 0
1  68 0 0 3.30894440800814
4 C0 69 0 1 0
0

0101000
+106 0 -108 0 *
Ve
1e-07
-4.50956710065839 -6.34999999984302 0
0 0

0101101
*
Ed
 1e-07 1 1 0
1  69 0 2.35619448811121 3.14159265358979
2  35 70 0 2.35619448811121 3.14159265358979
4 C0 70 0 1 0
0

0101000
+104 0 -106 0 *
Ve
1e-07
-2.24043288213579 -6.34999999512274 0
0 0

0101101
*
Ed
 1e-07 1 1 0
1  70 0 0 2.26913421852259
4 C0 71 0 1 0
0

0101000
+102 0 -104 0 *
Ve
1e-07
-0.119112544816744 -5.47132033868593 0
0 0

0101101
*
Ed
 1e-07 1 1 0
1  71 0 2.35619449227487 3.14159265358979
2  36 72 0 2.35619449227487 3.14159265358979
4 C0 72 0 1 0
0

0101000
+100 0 -102 0 *
Ve
1e-07
2.22066448596934 -3.13154330789075 0
0 0

0101101
*
Ed
 1e-07 1 1 0
1  72 0 0 3.30894440987316
4 C0 73 0 1 0
0

0101000
+98 0 -100 0 *
Ve
1e-07
1.66912147766652 -1.80000001857024 0
0 0

0101101
*
Ed
 1e-07 1 1 0
1  73 0 0.785398523674806 3.14159265358979
2  37 74 0 0.785398523674806 3.14159265358979
4 C0 74 0 1 0
0

0101000
+96 0 -98 0 *
Ve
1e-07
-0.500000108086169 -1.79999923705964 0
0 0

0101101
*
Ed
 1e-07 1 1 0
1  74 0 0 2.16912158575283
4 C0 75 0 1 0
0

0101000
+94 0 -96 0 *
Ve
1e-07
-0.800000000001546 -1.49999923705991 0
0 0

0101101
*
Ed
 1e-07 1 1 0
1  75 0 0 1.57079596652889
2  38 76 0 0 1.57079596652889
4 C0 76 0 1 0
0

0101000
+92 0 -94 0 *
Ve
1e-07
-0.799999999999272 -0.799999999999272 0
0 0

0101101
*
Ed
 1e-07 1 1 0
1  76 0 0 0.699999237060638
4 C0 77 0 1 0
0

0101000
+90 0 -92 0 *
Ve
1e-07
0 0 0
0 0

0101101
*
Ed
 1e-07 1 1 0
1  77 0 0 1.57079632678921
2  39 78 0 0 1.57079632678921
4 C0 78 0 1 0
0

0101000
+88 0 -90 0 *
Ve
1e-07
13.2499999999982 0 0
0 0

0101101
*
Ed
 1e-07 1 1 0
1  78 0 0 13.2499999999982
4 C0 79 0 1 0
0

0101000
+86 0 -88 0 *
Ve
1e-07
14.0499999999997 -0.799999999999272 0
0 0

0101101
*
Ed
 1e-07 1 1 0
1  79 0 0 1.57079632678069
2  40 80 0 0 1.57079632678069
4 C0 80 0 1 0
0

0101000
