DBRep_DrawableShape

CASCADE Topology V1, (c) Matra-Datavision
Locations 0
Curve2ds 128
1 0 0 1 0 
1 0 0 1 0 
1 6.2831853071795862 0 -1 0 
1 6.2831853071795862 0 -1 0 
1 6.2831853071795862 0 -1 0 
1 6.2831853071795898 0 -1 0 
1 0 0 1 0 
1 0 0 1 0 
1 0 0 1 0 
1 0 0 1 0 
1 0 0 1 0 
1 6.2831853071795871 0 -1 0 
1 6.2831853071795862 0 -1 0 
1 6.2831853071795862 0 -1 0 
1 6.2831853071795853 0 -1 0 
1 0 0 1 0 
1 0 0 1 0 
1 0 0 1 0 
1 0 0 1 0 
1 6.2831853071795862 0 -1 0 
1 6.2831853071795871 0 -1 0 
1 6.2831853071795871 0 -1 0 
1 6.2831853071795889 0 -1 0 
1 0 0 1 0 
1 0 0 1 0 
1 0 0 1 0 
1 0 0 1 0 
1 6.2831853071795862 0 -1 0 
1 6.2831853071795862 0 -1 0 
1 6.2831853071795862 0 -1 0 
1 6.2831853071795889 0 -1 0 
1 0 0 1 0 
1 0 0 1 0 
1 0 0 1 0 
1 0 0 1 0 
1 0 0 1 0 
1 6.2831853071795862 0 -1 0 
1 6.2831853071795862 0 -1 0 
1 6.2831853071795862 0 -1 0 
1 6.2831853071795853 0 -1 0 
1 0 0 1 0 
1 0 0 1 0 
1 0 0 1 0 
1 0 0 1 0 
1 6.2831853071795898 0 -1 0 
1 6.2831853071795871 0 -1 0 
1 6.2831853071795862 0 -1 0 
1 6.2831853071795933 0 -1 0 
1 0 0 1 0 
1 0 0 1 0 
1 0 0 1 0 
1 0 0 1 0 
1 0 0 1 0 
1 6.2831853071795889 0 -1 0 
1 6.2831853071795862 0 -1 0 
1 6.2831853071795862 0 -1 0 
1 6.2831853071795845 0 -1 0 
1 0 0 1 0 
1 0 0 1 0 
1 0 0 1 0 
1 0 0 1 0 
1 6.2831853071795871 0 -1 0 
1 6.2831853071795862 0 -1 0 
1 6.2831853071795862 0 -1 0 
1 6.2831853071795871 0 -1 0 
1 0 0 1 0 
1 0 0 1 0 
1 0 0 1 0 
1 0 0 1 0 
1 6.2831853071795862 0 -1 0 
1 6.2831853071795862 0 -1 0 
1 6.2831853071795862 0 -1 0 
1 6.2831853071795862 0 -1 0 
1 0 0 1 0 
1 0 0 1 0 
1 0 0 1 0 
1 0 0 1 0 
1 0 0 1 0 
1 6.2831853071795862 0 -1 0 
1 6.2831853071795862 0 -1 0 
1 6.2831853071795862 0 -1 0 
1 6.2831853071795871 0 -1 0 
1 0 0 1 0 
1 0 0 1 0 
1 -8.8817841970012523e-16 0 1 0 
1 -4.4408920985006262e-16 0 1 0 
1 6.2831853071795871 0 -1 0 
1 6.283185307179588 0 -1 0 
1 0 0 1 0 
1 0 0 1 0 
1 0 0 1 0 
1 6.2831853071795853 0 -1 0 
1 6.2831853071795862 0 -1 0 
1 0 0 1 0 
1 -1.7763568394002505e-15 0 1 0 
1 -4.4408920985006262e-16 0 1 0 
1 6.2831853071795907 0 -1 0 
1 6.2831853071795862 0 -1 0 
1 0 0 1 0 
1 -1.7763568394002505e-15 0 1 0 
1 -8.8817841970012523e-16 0 1 0 
1 6.2831853071795898 0 -1 0 
1 6.2831853071795836 0 -1 0 
1 0 0 1 0 
1 0 0 1 0 
1 1.7763568394002505e-15 0 1 0 
1 0 0 1 0 
1 0 0 1 0 
1 1.7763568394002505e-15 0 1 0 
1 0 0 1 0 
1 0 0 1 0 
1 8.8817841970012523e-16 0 1 0 
1 0 0 1 0 
1 0 0 1 0 
1 8.8817841970012523e-16 0 1 0 
1 0 0 1 0 
1 -3.5527136788005009e-15 0 1 0 
1 4.4408920985006262e-16 0 1 0 
1 0 0 1 0 
1 0 0 1 0 
1 8.8817841970012523e-16 0 1 0 
1 0 0 1 0 
1 0 0 1 0 
1 0 0 1 0 
1 0 0 1 0 
1 0 0 1 0 
1 0 0 1 0 
1 0 0 1 0 
Curves 250
2 -12.50000000372259 26.699999994914172 0 0 0 1 0 1 0 -1 0 0 0.79999999999999905
1 -11.800000003722591 27.500000000099362 0 -1 -7.4074079999999991e-09 0 
2 -11.800000003722591 27.200000000099358 0 0 0 1 1 0 -0 -0 1 0 0.29999999999999999
1 -11.499999999791633 25.082411600099359 0 -1.8563370000000001e-09 1 0 
2 -10.667588395688071 25.082411600099359 0 0 0 -1 1 0 0 0 -1 0 0.83241160410356096
1 -7.8286796637104841 26.744112548121812 0 -0.70710678180795306 -0.70710678056514209 0 
2 -9.9500000072701358 28.865432891681433 0 0 0 -1 -0.70710678118655301 0.70710678118654202 0 0.70710678118654202 0.70710678118655301 0 2.9999999999999898
1 -6.9500000106262059 31.134567101681434 0 1.4790049999999999e-09 -1 0 
2 -9.9500000055921269 31.134567101681434 0 0 0 -1 -1 0 0 0 1 0 2.9999999949659202
1 -10.078984503275771 35.506192283997763 0 0.70710678045869302 -0.70710678191440202 0 
2 -10.667588397445192 34.91758838982836 0 0 0 -1 -0.70710678118655557 -0.70710678118653958 -0 -0.70710678118653958 0.70710678118655557 0 0.83241161000000097
1 -11.500000007445193 32.799999989828358 0 0 1 0 
2 -11.800000007445195 32.799999989828358 0 0 0 1 0 -1 0 1 0 -0 0.30000000000000199
1 -12.500000007445195 32.499999989828353 0 1 0 0 
2 -12.500000007445195 33.299999989828358 0 0 0 1 -1 0 0 0 -1 0 0.80000000000000004
1 -13.300000007445194 37.999999989828353 0 0 -1 0 
2 -11.300000007445213 37.999999989828353 0 0 0 1 0 1 0 -1 0 0 1.99999999999998
1 -6.6000000074451934 39.999999989828339 0 -1 0 0 
2 -6.6000000074451934 39.199999989828335 0 0 0 1 1 0 -0 -0 1 0 0.79999999999999905
1 -5.800000002260008 38.499999989828332 0 -7.4074079999999999e-09 1 0 
2 -6.1000000022600087 38.499999989828332 0 0 0 1 0 -1 0 1 0 -0 0.29999999999999999
1 -8.2175884022600094 38.199999985897385 0 1 1.8563330000000003e-09 0 
2 -8.2175884022600094 37.367588381793823 0 0 0 -1 0 -1 0 -1 -0 -0 0.83241160410356096
1 -6.5558874542375936 34.528679649816276 0 -0.70710678056514198 0.70710678180795306 0 
2 -4.434567110677941 36.649999993375893 0 0 0 -1 0.70710678118655401 0.70710678118654102 0 0.70710678118654102 -0.70710678118655401 0 2.9999999999999898
1 -2.1654329006779398 33.649999996731957 0 -1 -1.4790030000000001e-09 0 
2 -2.1654329006779398 36.649999991697875 0 0 0 -1 0 1 0 1 -0 0 2.9999999949659202
1 2.206192281638399 36.778984489381529 0 -0.70710678191440102 -0.70710678045869413 0 
2 1.617588387468988 37.367588383550945 0 0 0 -1 -0.70710678118654502 0.70710678118655002 0 0.70710678118655002 0.70710678118654502 0 0.83241161000000097
1 -0.50000001253101101 38.199999993550946 0 1 0 0 
2 -0.50000001253101101 38.499999993550951 0 0 0 1 -1 0 0 0 -1 0 0.30000000000000199
1 -0.80000001253101305 39.199999993550954 0 0 -1 0 
2 -1.2531013000000001e-08 39.199999993550954 0 0 0 1 0 1 0 -1 0 0 0.80000000000000004
1 13.399999987468988 39.999999993550958 0 -1 0 0 
2 13.399999987468988 39.199999993550954 0 0 0 1 1 0 -0 -0 1 0 0.79999999999999905
1 14.199999992654174 38.499999993550951 0 -7.4074079999999999e-09 1 0 
2 13.899999992654173 38.499999993550951 0 0 0 1 0 -1 0 1 0 -0 0.29999999999999999
1 11.782411592654174 38.199999989620004 0 1 1.8563330000000003e-09 0 
2 11.782411592654174 37.367588385516441 0 0 0 -1 0 -1 0 -1 -0 -0 0.83241160410356096
1 13.444112540676617 34.52867965353888 0 -0.70710678056514509 0.70710678180795006 0 
2 15.56543288423625 36.649999997098519 0 0 0 -1 0.70710678118654702 0.70710678118654802 0 0.70710678118654802 -0.70710678118654702 0 2.9999999999999898
1 17.834567094236249 33.650000000454583 0 -1 -1.4790030000000001e-09 0 
2 17.834567094236249 36.649999995420501 0 0 0 -1 0 1 0 1 -0 0 2.9999999949659202
1 22.206192276552585 36.778984493104169 0 -0.70710678191440002 -0.70710678045869502 0 
2 21.617588382383172 37.367588387273585 0 0 0 -1 -0.70710678118654502 0.70710678118655002 0 0.70710678118655002 0.70710678118654502 0 0.83241161000000097
1 19.499999982383173 38.199999997273586 0 1 0 0 
2 19.499999982383173 38.499999997273584 0 0 0 1 -1 0 0 0 -1 0 0.30000000000000199
1 19.199999982383169 39.199999997273586 0 0 -1 0 
2 19.999999982383169 39.199999997273586 0 0 0 1 0 1 0 -1 0 0 0.80000000000000004
1 33.399999982383179 39.999999997273591 0 -1 0 0 
2 33.399999982383179 39.199999997273586 0 0 0 1 1 0 -0 -0 1 0 0.79999999999999905
1 34.199999987568361 38.499999997273584 0 -7.4074079999999999e-09 1 0 
2 33.899999987568357 38.499999997273584 0 0 0 1 0 -1 0 1 0 -0 0.29999999999999999
1 31.782411587568362 38.199999993342637 0 1 1.8563330000000003e-09 0 
2 31.782411587568362 37.367588389239074 0 0 0 -1 0 -1 0 -1 -0 -0 0.83241160410356096
1 33.444112535590804 34.52867965726152 0 -0.70710678056514498 0.70710678180795006 0 
2 35.56543287915045 36.650000000821152 0 0 0 -1 0.70710678118655002 0.70710678118654502 0 0.70710678118654502 -0.70710678118655002 0 2.9999999999999898
1 37.834567089150447 33.650000004177215 0 -1 -1.479e-09 0 
2 37.834567089150447 36.649999999143134 0 0 0 -1 0 1 0 1 -0 0 2.9999999949659202
1 42.206192271466783 36.778984496826787 0 -0.70710678191440113 -0.70710678045869402 0 
2 41.617588377297366 37.367588390996204 0 0 0 -1 -0.70710678118654757 0.70710678118654757 0 0.70710678118654757 0.70710678118654757 0 0.83241161000000097
1 39.499999977297378 38.200000000996205 0 1 0 0 
2 39.499999977297378 38.500000000996209 0 0 0 1 -1 0 0 0 -1 0 0.30000000000000199
1 39.199999977297374 39.200000000996212 0 0 -1 0 
2 39.999999977297371 39.200000000996212 0 0 0 1 0 1 0 -1 0 0 0.80000000000000004
1 44.699999977297374 40.000000000996209 0 -1 0 0 
2 44.699999977297374 38.000000000996231 0 0 0 1 1 0 -0 -0 1 0 1.99999999999998
1 46.69999997729736 33.300000000996228 0 0 1 0 
2 45.899999977297355 33.300000000996199 0 0 0 1 0 -1 0 1 0 -0 0.79999999999999905
1 45.19999997729731 32.49999999581101 0 1 7.4074079999999999e-09 0 
2 45.19999997729731 32.799999995811014 0 0 0 1 -1 0 0 0 -1 0 0.29999999999999999
1 44.899999973366363 34.917588395811009 0 1.8563299999999999e-09 -1 0 
2 44.067588369262801 34.917588395811009 0 0 0 -1 -1 0 0 0 1 0 0.83241160410356096
1 41.228679637285246 33.25588744778856 0 0.70710678180794895 0.70710678056514609 0 
2 43.349999980844885 31.134567104228928 0 0 0 -1 0.70710678118654802 -0.70710678118654702 0 -0.70710678118654702 -0.70710678118654802 -0 2.9999999999999898
1 40.349999984200942 28.865432894228928 0 -1.478997e-09 1 0 
2 43.34999997916686 28.865432894228928 0 0 0 -1 1 0 0 0 -1 0 2.9999999949659202
1 43.478984476850535 24.493807711912584 0 -0.70710678045869513 0.70710678191440002 0 
2 44.067588371019937 25.082411606082005 0 0 0 -1 0.70710678118653958 0.70710678118655557 0 0.70710678118655557 -0.70710678118653958 0 0.83241161000000097
1 44.899999981019938 27.200000006082004 0 0 -1 0 
2 45.199999981019943 27.200000006082004 0 0 0 1 0 1 0 -1 0 0 0.30000000000000199
1 45.899999981019945 27.500000006082004 0 -1 0 0 
2 45.899999981019945 26.700000006082007 0 0 0 1 1 0 -0 -0 1 0 0.80000000000000004
1 46.699999981019943 13.300000006082008 0 0 1 0 
2 45.899999981019945 13.300000006082008 0 0 0 1 0 -1 0 1 0 -0 0.79999999999999905
1 45.199999981019943 12.500000000896822 0 1 7.4074079999999999e-09 0 
2 45.199999981019943 12.800000000896823 0 0 0 1 -1 0 0 0 -1 0 0.29999999999999999
1 44.899999977089003 14.917588400896822 0 1.8563299999999999e-09 -1 0 
2 44.067588372985441 14.917588400896822 0 0 0 -1 -1 0 0 0 1 0 0.83241160410356096
1 41.228679641007879 13.255887452874376 0 0.70710678180794906 0.70710678056514609 0 
2 43.349999984567518 11.134567109314741 0 0 0 -1 0.70710678118654802 -0.70710678118654702 0 -0.70710678118654702 -0.70710678118654802 -0 2.9999999999999898
1 40.349999987923574 8.8654328993147384 0 -1.478997e-09 1 0 
2 43.349999982889493 8.8654328993147473 0 0 0 -1 1 0 0 0 -1 0 2.9999999949659202
1 43.47898448057316 4.493807716998389 0 -0.70710678045869302 0.70710678191440202 0 
2 44.06758837474257 5.0824116111678128 0 0 0 -1 0.70710678118653658 0.70710678118655856 0 0.70710678118655856 -0.70710678118653658 0 0.83241161000000097
1 44.899999984742571 7.2000000111678126 0 0 -1 0 
2 45.199999984742576 7.2000000111678126 0 0 0 1 0 1 0 -1 0 0 0.30000000000000199
1 45.899999984742578 7.5000000111678151 0 -1 0 0 
2 45.899999984742578 6.7000000111678144 0 0 0 1 1 0 -0 -0 1 0 0.80000000000000004
1 46.699999984742576 2.0000000111678151 0 0 1 0 
2 44.699999984742576 2.0000000111678151 0 0 0 1 0 -1 0 1 0 -0 2
1 39.999999984742573 1.1167815e-08 0 1 0 0 
2 39.999999984742573 0.80000001116781405 0 0 0 1 -1 0 0 0 -1 0 0.79999999999999905
1 39.199999979557383 1.500000011167814 0 7.4074079999999999e-09 -1 0 
2 39.499999979557387 1.500000011167814 0 0 0 1 0 1 0 -1 0 0 0.29999999999999999
1 41.617588379557375 1.8000000150987729 0 -1 -1.856338e-09 0 
2 41.617588379557375 2.632411619202335 0 0 0 -1 0 1 0 1 -0 0 0.83241160410356096
1 39.955887431534926 5.471320351179914 0 0.70710678056514209 -0.70710678180795306 0 
2 37.834567087975302 3.3500000076202689 0 0 0 -1 -0.70710678118654402 -0.70710678118655101 -0 -0.70710678118655101 0.70710678118654402 0 2.9999999999999898
1 35.565432877975304 6.3500000042641984 0 1 1.4790049999999999e-09 0 
2 35.565432877975304 3.3500000092982769 0 0 0 -1 0 -1 0 -1 -0 -0 2.9999999949659202
1 31.193807695658972 3.2210155116146328 0 0.70710678191440202 0.70710678045869302 0 
2 31.782411589828374 2.632411617445209 0 0 0 -1 0.70710678118653403 -0.70710678118656101 0 -0.70710678118656101 -0.70710678118653403 -0 0.83241161000000097
1 33.89999998982838 1.8000000074452081 0 -1 0 0 
2 33.89999998982838 1.500000007445206 0 0 0 1 1 0 -0 -0 1 0 0.30000000000000199
1 34.199999989828385 0.80000000744520605 0 0 1 0 
2 33.399999989828387 0.80000000744520605 0 0 0 1 0 -1 0 1 0 -0 0.80000000000000004
1 19.999999989828375 7.4452060000000001e-09 0 1 0 0 
2 19.999999989828375 0.80000000744520505 0 0 0 1 -1 0 0 0 -1 0 0.79999999999999905
1 19.199999984643192 1.5000000074452049 0 7.4074079999999999e-09 -1 0 
2 19.499999984643193 1.5000000074452049 0 0 0 1 0 1 0 -1 0 0 0.29999999999999999
1 21.617588384643192 1.8000000113761641 0 -1 -1.856338e-09 0 
2 21.617588384643188 2.6324116154797261 0 0 0 -1 0 1 0 1 -0 0 0.83241160410356096
1 19.955887436620731 5.4713203474573104 0 0.70710678056514298 -0.70710678180795195 0 
2 17.834567093061111 3.350000003897657 0 0 0 -1 -0.70710678118654202 -0.70710678118655301 -0 -0.70710678118655301 0.70710678118654202 0 2.9999999999999898
1 15.565432883061112 6.3500000005415869 0 1 1.4790049999999999e-09 0 
2 15.565432883061112 3.3500000055756671 0 0 0 -1 0 -1 0 -1 -0 -0 2.9999999949659202
1 11.193807700744777 3.2210155078920191 0 0.70710678191440202 0.70710678045869313 0 
2 11.782411594914183 2.6324116137226019 0 0 0 -1 0.70710678118654102 -0.70710678118655401 0 -0.70710678118655401 -0.70710678118654102 -0 0.83241161000000097
1 13.899999994914182 1.8000000037226009 0 -1 0 0 
2 13.899999994914182 1.5000000037225989 0 0 0 1 1 0 -0 -0 1 0 0.30000000000000199
1 14.199999994914185 0.80000000372259905 0 0 1 0 
2 13.399999994914186 0.80000000372259905 0 0 0 1 0 -1 0 1 0 -0 0.80000000000000004
1 -5.0858119999999996e-09 3.722599e-09 0 1 0 0 
2 -5.085813e-09 0.80000000372259805 0 0 0 1 -1 0 0 0 -1 0 0.79999999999999905
1 -0.80000001027099699 1.5000000037225969 0 7.4074079999999999e-09 -1 0 
2 -0.50000001027099705 1.500000003722598 0 0 0 1 0 1 0 -1 0 0 0.29999999999999999
1 1.617588389729002 1.8000000076535569 0 -1 -1.856338e-09 0 
2 1.617588389729002 2.6324116117571181 0 0 0 -1 0 1 0 1 -0 0 0.83241160410356096
1 -0.044112558293449997 5.4713203437347033 0 0.70710678056514209 -0.70710678180795306 0 
2 -2.1654329018530718 3.3500000001750538 0 0 0 -1 -0.70710678118654302 -0.70710678118655201 -0 -0.70710678118655201 0.70710678118654302 0 2.9999999999999898
1 -4.434567111853073 6.3499999968189824 0 1 1.479006e-09 0 
2 -4.4345671118530641 3.3500000018530618 0 0 0 -1 0 -1 0 -1 -0 -0 2.9999999949659202
1 -8.8061922941694117 3.2210155041694088 0 0.70710678191440401 0.70710678045869102 0 
2 -8.2175884000000003 2.6324116099999988 0 0 0 -1 0.70710678118654802 -0.70710678118654702 0 -0.70710678118654702 -0.70710678118654802 -0 0.83241161000000097
1 -6.0999999999999996 1.8 0 -1 0 0 
2 -6.0999999999999996 1.5 0 0 0 1 1 0 -0 -0 1 0 0.30000000000000199
1 -5.8000000000000007 0.80000000000000004 0 0 1 0 
2 -6.6000000000000014 0.80000000000000004 0 0 0 1 0 -1 0 1 0 -0 0.80000000000000004
1 -11.300000000000001 -8.1858229999999996e-16 0 1 0 0 
2 -11.300000000000001 1.9999999999999989 0 0 0 1 -1 0 0 0 -1 0 2
1 -13.300000000000001 6.6999999999999993 0 0 -1 0 
2 -12.5 6.6999999999999993 0 0 0 1 0 1 0 -1 0 0 0.79999999999999905
1 -11.800000000000001 7.5000000051851838 0 -1 -7.4074079999999991e-09 0 
2 -11.800000000000001 7.200000005185184 0 0 0 1 1 0 -0 -0 1 0 0.29999999999999999
1 -11.499999996069041 5.0824116051851842 0 -1.856338e-09 1 0 
2 -10.667588391965481 5.0824116051851842 0 0 0 -1 1 0 0 0 -1 0 0.83241160410356096
1 -7.8286796599879054 6.7441125532076063 0 -0.70710678180795605 -0.70710678056513887 0 
2 -9.9500000035475349 8.8654328967672473 0 0 0 -1 -0.70710678118654602 0.70710678118654902 0 0.70710678118654902 0.70710678118654602 0 2.9999999999999898
1 -6.9500000069036059 11.13456710676725 0 1.4790049999999999e-09 -1 0 
2 -9.950000001869526 11.13456710676725 0 0 0 -1 -1 0 0 0 1 0 2.9999999949659202
1 -10.078984499553172 15.506192289083584 0 0.70710678045869302 -0.70710678191440202 0 
2 -10.667588393722589 14.917588394914176 0 0 0 -1 -0.70710678118655301 -0.70710678118654202 -0 -0.70710678118654202 0.70710678118655301 0 0.83241161000000097
1 -11.50000000372259 12.799999994914177 0 0 1 0 
2 -11.800000003722593 12.799999994914177 0 0 0 1 0 -1 0 1 0 -0 0.30000000000000199
1 -12.50000000372259 12.499999994914177 0 1 0 0 
2 -12.50000000372259 13.299999994914176 0 0 0 1 -1 0 0 0 -1 0 0.80000000000000004
1 -13.300000003722589 26.699999994914172 0 0 -1 0 
2 -9.1987806800000005 20 0 0 0 1 0.70710678118654757 -0.70710678118654757 0 0.70710678118654757 0.70710678118654757 -0 1.999999996643941
1 -10.612994240000001 18.585786439999993 0 0.70710678176750907 -0.70710678060558607 0 
2 -4.434567111666655 16.649999998333335 0 0 0 1 0.70710678118655002 0.70710678118654502 -0 -0.70710678118654502 0.70710678118655002 0 2.9999999949659188
1 -4.4345671116666621 13.650000003367419 0 1 -8.6903930000000001e-10 0 
2 -1.216399701666663 13.350000000570709 0 0 0 -1 0.70710678118654102 0.70710678118655401 0 0.70710678118655401 -0.70710678118654102 0 0.29999999999999299
1 -1.004267667310706 13.56213203492667 0 0.70710677983532599 -0.70710678253776915 0 
2 0.049999990269299001 12.083600312506672 0 0 0 -1 1 0 0 0 -1 0 0.29999999383975701
1 0.34999998410905803 12.083600312506672 0 1.063451e-09 -1 0 
2 3.3499999875314219 8.8654329025066723 0 0 0 1 1 0 -0 -0 1 0 3
1 1.2286796439717991 6.7441125589470143 0 0.70710678153121609 -0.70710678084187906 0 
2 6.6999999859493533 4.1012193409246169 0 0 0 1 0.70710678118654502 0.70710678118655002 -0 -0.70710678118655002 0.70710678118654502 0 1.999999996643941
1 8.1142135459493492 2.68700578092461 0 0.70710678118654802 0.70710678118654702 0 
2 10.04999998594937 8.8654329009245849 0 0 0 1 -0.70710678118654902 0.70710678118654602 0 -0.70710678118654602 -0.70710678118654902 0 2.9999999949658802
1 13.049999980915247 8.8654329009245956 0 8.6904480000000001e-10 1 0 
2 13.349999983711943 12.083600310924595 0 0 0 -1 -0.70710678118654402 0.70710678118655101 0 0.70710678118655101 0.70710678118654402 0 0.29999999999996202
1 13.137867949356004 12.295732345280534 0 0.70710678253776205 0.70710677983533299 0 
2 14.616399671775993 13.350000002860543 0 0 0 -1 0 1 0 1 -0 0 0.299999993839762
1 14.616399671775993 13.649999996700306 0 1 1.063451e-09 0 
2 17.834567081775994 16.650000000122681 0 0 0 1 0 1 0 -1 0 0 3.0000000000000111
1 19.955887425335639 14.528679656563027 0 0.70710678084187806 0.70710678153121709 0 
2 22.598780645024735 20.000000000207301 0 0 0 1 -0.70710678035320707 0.70710678201988808 0 -0.70710678201988808 -0.70710678035320707 0 1.9999999966439499
1 24.012994205024786 21.414213560207273 0 -0.70710678118654702 0.70710678118654802 0 
2 17.834567085024773 23.350000000207363 0 0 0 1 -0.707106781186564 -0.70710678118653103 0 0.70710678118653103 -0.707106781186564 0 2.9999999949658509
1 17.834567085024769 26.349999995173214 0 -1 8.6903380000000002e-10 0 
2 14.616399675024772 26.649999997969836 0 0 0 -1 -0.70710678118672199 -0.70710678118637305 -0 -0.70710678118637305 0.70710678118672199 0 0.29999999999992899
1 14.404267640668808 26.437867963613975 0 -0.70710677983532499 0.70710678253777004 0 
2 13.349999983088692 27.916399686033962 0 0 0 -1 -1 0 0 0 1 0 0.29999999383966602
1 13.049999989249024 27.916399686033962 0 -1.063449e-09 1 0 
2 10.04999998582667 31.134567096033962 0 0 0 1 -1 0 0 0 -1 0 3
1 12.17132032938631 33.255887439593607 0 -0.70710678240265801 0.70710677997043703 0 
2 6.6999999774087291 35.89878065761603 0 0 0 1 -0.70710678118654757 -0.70710678118654757 0 0.70710678118654757 -0.70710678118654757 0 1.999999996643941
1 5.2857864174087279 37.312994217616037 0 -0.70710678118654802 -0.70710678118654702 0 
2 3.3499999774087099 31.134567097616056 0 0 0 1 0.70710678118654702 -0.70710678118654802 0 0.70710678118654802 0.70710678118654702 -0 2.9999999949658802
1 0.34999998244282998 31.134567097616053 0 -8.6904480000000001e-10 -1 0 
2 0.049999979646073001 27.916399687616057 0 0 0 -1 0.70710678118654502 -0.70710678118655002 0 -0.70710678118655002 -0.70710678118654502 -0 0.30000000000002602
1 0.26213201400205699 27.704267653260072 0 -0.70710678253777393 -0.707106779835321 0 
2 -1.216399708417935 26.649999995679963 0 0 0 -1 0 -1 0 -1 -0 -0 0.29999999383966303
1 -1.216399708417935 26.350000001840296 0 -1 -1.063449e-09 0 
2 -4.4345671184179363 23.349999998417942 0 0 0 1 0 -1 0 1 0 -0 3
1 -6.5558874619776031 25.471320341977556 0 -0.70710678084187817 -0.70710678153121698 0 
1 20.349999342796711 31.13456734 0 -1.232503e-09 -1 0 
2 23.349999340000004 28.865433340000003 0 0 0 1 1 0 -0 -0 1 0 3
1 21.228678996440355 26.744112996440361 0 0.70710678146228201 -0.70710678091081314 0 
2 26.699999558022412 24.101219558022414 0 0 0 1 0.70710678118654757 0.70710678118654757 -0 -0.70710678118654757 0.70710678118654757 0 1.999999996643941
1 28.11421311802242 22.687005998022414 0 0.70710678118654802 0.70710678118654713 0 
2 30.049999778022432 28.865433338022392 0 0 0 1 -0.70710678118654902 0.70710678118654602 0 -0.70710678118654602 -0.70710678118654902 0 2.9999999949658802
1 33.049999772988322 28.865433338022392 0 1.232511e-09 1 0 
2 30.049999775785047 31.134567338813458 0 0 0 1 -1 2.6368830000000002e-10 0 -2.6368830000000002e-10 -1 0 3
1 32.171320119740209 33.255887681977583 0 -0.70710678153121498 0.70710678084187994 0 
2 26.699999557762624 35.89878112000001 0 0 0 1 -0.70710678118655002 -0.70710678118654502 0 0.70710678118654502 -0.70710678118655002 0 1.999999996643941
1 25.285785997762623 37.312994680000017 0 -0.70710678118654757 -0.70710678118654757 0 
2 23.349999337762632 31.13456734 0 0 0 1 0.70710678118654757 -0.70710678118654757 0 0.70710678118654757 0.70710678118654757 -0 2.9999999949659202
1 20.349999342796714 11.134567340000004 0 -1.232503e-09 -1 0 
2 23.349999340000004 8.8654333400000116 0 0 0 1 1 0 -0 -0 1 0 3
1 21.228678996440358 6.7441129964403634 0 0.70710678146228201 -0.70710678091081314 0 
2 26.699999558022419 4.1012195580224304 0 0 0 1 0.70710678118654502 0.70710678118655002 -0 -0.70710678118655002 0.70710678118654502 0 1.999999996643941
1 28.11421311802242 2.6870059980224239 0 0.70710678118654791 0.70710678118654702 0 
2 30.049999778022428 8.8654333380223989 0 0 0 1 -0.70710678118655101 0.70710678118654402 0 -0.70710678118654402 -0.70710678118655101 0 2.9999999949658802
1 33.049999772988308 8.8654333380224095 0 1.232511e-09 1 0 
2 30.049999775785039 11.134567338813465 0 0 0 1 -1 2.6368459999999998e-10 0 -2.6368459999999998e-10 -1 0 3
1 32.171320119740209 13.255887681977583 0 -0.70710678153121609 0.70710678084187906 0 
2 26.699999557762624 15.898781120000008 0 0 0 1 -0.70710678118655002 -0.70710678118654502 0 0.70710678118654502 -0.70710678118655002 0 1.999999996643941
1 25.285785997762623 17.31299468000001 0 -0.70710678118654802 -0.70710678118654713 0 
2 23.349999337762632 11.134567340000004 0 0 0 1 0.70710678118654802 -0.70710678118654702 0 0.70710678118654702 0.70710678118654802 -0 2.9999999949659202
1 33.444112590960188 25.471320339039721 0 -0.70710678222534706 -0.70710678014774808 0 
2 30.801219350000004 19.999999990000003 0 0 0 1 0.70710678118654902 -0.70710678118654602 0 0.70710678118654602 0.70710678118654902 -0 1.9999999966439499
1 29.38700579 18.585786430000006 0 0.70710677944366307 -0.70710678292943197 0 
2 35.565432900000005 16.649999990000104 0 0 0 1 0.70710678285319906 0.70710677951989609 -0 -0.70710677951989609 0.70710678285319906 0 3.0000000020370199
1 35.565432900000005 13.649999988642032 0 1 5.9845520000000004e-10 0 
2 37.834567110000002 16.649999990000005 0 0 0 1 0 1 0 -1 0 0 3
1 39.955887453559654 14.52867964576139 0 0.70710678084187906 0.70710678153121609 0 
2 42.59878067304026 19.99999998919715 0 0 0 1 -0.70710678045745301 0.70710678191564202 0 -0.70710678191564202 -0.70710678045745301 0 1.999999996643941
1 44.01299422951989 21.41421355271752 0 -0.70710678118654691 0.70710678118654802 0 
2 37.834567109519895 23.349999992717617 0 0 0 1 -0.707106781186563 -0.70710678118653203 0 0.70710678118653203 -0.707106781186563 0 2.9999999949658398
1 37.834567110000002 26.349999987203294 0 -1 1.2325e-09 0 
2 35.56543293 23.349999990000097 0 0 0 1 0 -1 0 1 0 -0 2.9999999999999489
2 -3.3000000000000012 9.9999999999999982 0 0 0 1 -1 0 0 0 -1 0 2.1499999999999999
2 16.699999999999999 9.9999999999999982 0 0 0 1 -1 0 0 0 -1 0 2.1499999999999999
2 36.700000000000003 10.000000000000002 0 0 0 1 -1 0 0 0 -1 0 2.1499999999999999
2 -3.300000000000002 30 0 0 0 1 -1 0 0 0 -1 0 2.1499999999999999
2 16.699999999999999 30 0 0 0 1 -1 0 0 0 -1 0 2.1499999999999999
2 36.700000000000003 30 0 0 0 1 -1 0 0 0 -1 0 2.1499999999999999
Polygon3D 0
PolygonOnTriangulations 0
Surfaces 251
1 16.699999988648695 20.000000000498094 0 0 0 1 1 0 -0 -0 1 0 
2 -12.50000000372259 26.699999994914172 0 0 0 1 0 1 0 -1 0 0 0.79999999999999905
1 -12.50000000372259 27.499999994914177 0 -7.4074079999999999e-09 1 0 0 0 1 1 7.4074079999999999e-09 -0 
2 -11.800000003722591 27.200000000099358 0 0 0 1 1 0 -0 -0 1 0 0.29999999999999999
1 -11.50000000372259 27.200000000099358 0 1 1.8563370000000001e-09 0 0 0 -1 -1.8563370000000001e-09 1 0 
2 -10.667588395688071 25.082411600099359 0 0 0 1 1 0 -0 -0 1 0 0.83241160410356096
1 -10.078984505688071 24.493807710099361 0 -0.70710678056514198 0.70710678180795306 0 0 0 1 0.70710678180795306 0.70710678056514198 -0 
2 -9.9500000072701358 28.865432891681433 0 0 0 1 -0.70710678118655301 0.70710678118654202 0 -0.70710678118654202 -0.70710678118655301 0 2.9999999999999911
1 -6.9500000072701447 28.865432891681433 0 -1 -1.4790049999999999e-09 0 0 0 1 -1.4790049999999999e-09 1 0 
2 -9.9500000055921269 31.134567101681434 0 0 0 1 -1 0 0 0 -1 0 2.9999999949659202
1 -7.828679665592114 33.255887441681445 0 -0.70710678191440202 -0.70710678045869302 0 0 0 1 -0.70710678045869302 0.70710678191440202 0 
2 -10.667588397445192 34.91758838982836 0 0 0 1 -0.70710678118655557 -0.70710678118653958 0 0.70710678118653958 -0.70710678118655557 0 0.83241161000000097
1 -11.500000007445193 34.91758838982836 0 1 0 0 0 0 -1 -0 1 0 
2 -11.800000007445195 32.799999989828358 0 0 0 1 0 -1 0 1 0 -0 0.30000000000000199
1 -11.800000007445195 32.499999989828353 0 0 -1 0 0 0 -1 1 0 0 
2 -12.500000007445195 33.299999989828358 0 0 0 1 -1 0 0 0 -1 0 0.80000000000000004
1 -13.300000007445194 33.299999989828358 0 -1 0 0 0 0 1 0 1 -0 
2 -11.300000007445213 37.999999989828353 0 0 0 1 0 1 0 -1 0 0 1.99999999999998
1 -11.300000007445192 39.999999989828339 0 0 1 0 0 -0 1 1 0 -0 
2 -6.6000000074451934 39.199999989828335 0 0 0 1 1 0 -0 -0 1 0 0.79999999999999905
1 -5.8000000074451936 39.199999989828335 0 1 7.4074079999999999e-09 0 0 0 -1 -7.4074079999999999e-09 1 0 
2 -6.1000000022600087 38.499999989828332 0 0 0 1 0 -1 0 1 0 -0 0.29999999999999999
1 -6.1000000022600078 38.199999989828335 0 1.8563330000000001e-09 -1 0 0 0 -1 1 1.8563330000000001e-09 0 
2 -8.2175884022600094 37.367588381793823 0 0 0 1 0 -1 0 1 0 -0 0.83241160410356096
1 -8.8061922922600093 36.778984491793821 0 0.70710678180795306 0.70710678056514198 0 0 0 -1 -0.70710678056514198 0.70710678180795306 0 
2 -4.434567110677941 36.649999993375893 0 0 0 1 0.70710678118655401 0.70710678118654102 -0 -0.70710678118654102 0.70710678118655401 0 2.9999999999999898
1 -4.434567110677941 33.6499999933759 0 -1.479002e-09 1 0 0 0 1 1 1.479002e-09 -0 
2 -2.1654329006779398 36.649999991697875 0 0 0 1 0 1 0 -1 0 0 2.9999999949659202
1 -0.044112560677929 34.528679651697864 0 -0.70710678045869402 0.70710678191440102 0 0 0 1 0.70710678191440102 0.70710678045869402 -0 
2 1.617588387468988 37.367588383550945 0 0 0 1 -0.70710678118654502 0.70710678118655002 0 -0.70710678118655002 -0.70710678118654502 0 0.83241161000000097
1 1.617588387468988 38.199999993550946 0 0 -1 0 0 0 -1 1 0 0 
2 -0.50000001253101101 38.499999993550951 0 0 0 1 -1 0 0 0 -1 0 0.30000000000000199
1 -0.80000001253101305 38.499999993550951 0 -1 0 0 0 0 1 0 1 -0 
2 -1.2531013000000001e-08 39.199999993550954 0 0 0 1 0 1 0 -1 0 0 0.80000000000000004
1 -1.2531013000000001e-08 39.999999993550958 0 0 1 0 0 -0 1 1 0 -0 
2 13.399999987468988 39.199999993550954 0 0 0 1 1 0 -0 -0 1 0 0.79999999999999905
1 14.199999987468988 39.199999993550954 0 1 7.4074079999999999e-09 0 0 0 -1 -7.4074079999999999e-09 1 0 
2 13.899999992654173 38.499999993550951 0 0 0 1 0 -1 0 1 0 -0 0.29999999999999999
1 13.899999992654173 38.199999993550954 0 1.8563330000000001e-09 -1 0 0 0 -1 1 1.8563330000000001e-09 0 
2 11.782411592654174 37.367588385516441 0 0 0 1 0 -1 0 1 0 -0 0.83241160410356096
1 11.193807702654169 36.778984495516447 0 0.70710678180795006 0.70710678056514509 0 0 0 -1 -0.70710678056514509 0.70710678180795006 0 
2 15.56543288423625 36.649999997098519 0 0 0 1 0.70710678118654702 0.70710678118654802 -0 -0.70710678118654802 0.70710678118654702 0 2.9999999999999911
1 15.56543288423625 33.649999997098526 0 -1.479004e-09 1 0 0 0 1 1 1.479004e-09 -0 
2 17.834567094236249 36.649999995420501 0 0 0 1 0 1 0 -1 0 0 2.9999999949659202
1 19.955887434236267 34.528679655420504 0 -0.70710678045869502 0.70710678191440002 0 0 0 1 0.70710678191440002 0.70710678045869502 -0 
2 21.617588382383172 37.367588387273585 0 0 0 1 -0.70710678118654502 0.70710678118655002 0 -0.70710678118655002 -0.70710678118654502 0 0.83241161000000097
1 21.617588382383172 38.199999997273586 0 0 -1 0 0 0 -1 1 0 0 
2 19.499999982383173 38.499999997273584 0 0 0 1 -1 0 0 0 -1 0 0.30000000000000199
1 19.199999982383169 38.499999997273584 0 -1 0 0 0 0 1 0 1 -0 
2 19.999999982383169 39.199999997273586 0 0 0 1 0 1 0 -1 0 0 0.80000000000000004
1 19.999999982383169 39.999999997273584 0 0 1 0 0 -0 1 1 0 -0 
2 33.399999982383179 39.199999997273586 0 0 0 1 1 0 -0 -0 1 0 0.79999999999999905
1 34.199999982383176 39.199999997273586 0 1 7.4074079999999999e-09 0 0 0 -1 -7.4074079999999999e-09 1 0 
2 33.899999987568357 38.499999997273584 0 0 0 1 0 -1 0 1 0 -0 0.29999999999999999
1 33.899999987568357 38.199999997273586 0 1.8563330000000001e-09 -1 0 0 0 -1 1 1.8563330000000001e-09 0 
2 31.782411587568362 37.367588389239074 0 0 0 1 0 -1 0 1 0 -0 0.83241160410356096
1 31.193807697568367 36.778984499239073 0 0.70710678180794906 0.70710678056514609 0 0 0 -1 -0.70710678056514609 0.70710678180794906 0 
2 35.56543287915045 36.650000000821152 0 0 0 1 0.70710678118655002 0.70710678118654502 -0 -0.70710678118654502 0.70710678118655002 0 2.9999999999999898
1 35.56543287915045 33.650000000821166 0 -1.479002e-09 1 0 0 0 1 1 1.479002e-09 -0 
2 37.834567089150447 36.649999999143134 0 0 0 1 0 1 0 -1 0 0 2.9999999949659202
1 39.955887429150458 34.528679659143123 0 -0.70710678045869302 0.70710678191440202 0 0 0 1 0.70710678191440202 0.70710678045869302 -0 
2 41.617588377297366 37.367588390996204 0 0 0 1 -0.70710678118654757 0.70710678118654757 0 -0.70710678118654757 -0.70710678118654757 0 0.83241161000000097
1 41.617588377297366 38.200000000996205 0 0 -1 0 0 0 -1 1 0 0 
2 39.499999977297378 38.500000000996209 0 0 0 1 -1 0 0 0 -1 0 0.30000000000000199
1 39.199999977297374 38.500000000996209 0 -1 0 0 0 0 1 0 1 -0 
2 39.999999977297371 39.200000000996212 0 0 0 1 0 1 0 -1 0 0 0.80000000000000004
1 39.999999977297371 40.000000000996209 0 0 1 0 0 -0 1 1 0 -0 
2 44.699999977297374 38.000000000996231 0 0 0 1 1 0 -0 -0 1 0 1.99999999999998
1 46.69999997729736 38.000000000996231 0 1 0 0 0 0 -1 -0 1 0 
2 45.899999977297355 33.300000000996199 0 0 0 1 0 -1 0 1 0 -0 0.79999999999999905
1 45.899999977297313 32.500000000996195 0 7.4074079999999999e-09 -1 0 0 0 -1 1 7.4074079999999999e-09 0 
2 45.19999997729731 32.799999995811014 0 0 0 1 -1 0 0 0 -1 0 0.29999999999999999
1 44.899999977297313 32.799999995811014 0 -1 -1.856331e-09 0 0 0 1 -1.856331e-09 1 0 
2 44.067588369262801 34.917588395811009 0 0 0 1 -1 0 0 0 -1 0 0.83241160410356096
1 43.478984479262806 35.506192285811011 0 0.70710678056514609 -0.70710678180794906 0 0 0 -1 0.70710678180794906 0.70710678056514609 0 
2 43.349999980844885 31.134567104228928 0 0 0 1 0.70710678118654802 -0.70710678118654702 0 0.70710678118654702 0.70710678118654802 -0 2.9999999999999911
1 40.349999980844899 31.134567104228921 0 1 1.4789979999999999e-09 0 0 0 -1 -1.4789979999999999e-09 1 0 
2 43.34999997916686 28.865432894228928 0 0 0 1 1 0 -0 -0 1 0 2.9999999949659202
1 41.228679639166856 26.744112554228913 0 0.70710678191440002 0.70710678045869502 0 0 0 -1 -0.70710678045869502 0.70710678191440002 0 
2 44.067588371019937 25.082411606082005 0 0 0 1 0.70710678118653958 0.70710678118655557 -0 -0.70710678118655557 0.70710678118653958 0 0.83241161000000097
1 44.899999981019938 25.082411606082005 0 -1 0 0 0 0 1 0 1 -0 
2 45.199999981019943 27.200000006082004 0 0 0 1 0 1 0 -1 0 0 0.30000000000000199
1 45.199999981019943 27.500000006082004 0 0 1 0 0 -0 1 1 0 -0 
2 45.899999981019945 26.700000006082007 0 0 0 1 1 0 -0 -0 1 0 0.80000000000000004
1 46.699999981019943 26.700000006082007 0 1 0 0 0 0 -1 -0 1 0 
2 45.899999981019945 13.300000006082008 0 0 0 1 0 -1 0 1 0 -0 0.79999999999999905
1 45.899999981019945 12.500000006082008 0 7.4074079999999999e-09 -1 0 0 0 -1 1 7.4074079999999999e-09 0 
2 45.199999981019943 12.800000000896823 0 0 0 1 -1 0 0 0 -1 0 0.29999999999999999
1 44.899999981019945 12.800000000896823 0 -1 -1.856331e-09 0 0 0 1 -1.856331e-09 1 0 
2 44.067588372985441 14.917588400896822 0 0 0 1 -1 0 0 0 -1 0 0.83241160410356096
1 43.478984482985439 15.506192290896825 0 0.70710678056514609 -0.70710678180794906 0 0 0 -1 0.70710678180794906 0.70710678056514609 0 
2 43.349999984567518 11.134567109314741 0 0 0 1 0.70710678118654802 -0.70710678118654702 0 0.70710678118654702 0.70710678118654802 -0 2.9999999999999911
1 40.349999984567532 11.134567109314741 0 1 1.4789979999999999e-09 0 0 0 -1 -1.4789979999999999e-09 1 0 
2 43.349999982889493 8.8654328993147473 0 0 0 1 1 0 -0 -0 1 0 2.9999999949659202
1 41.228679642889489 6.7441125593147309 0 0.70710678191440202 0.70710678045869302 0 0 0 -1 -0.70710678045869302 0.70710678191440202 0 
2 44.06758837474257 5.0824116111678128 0 0 0 1 0.70710678118653658 0.70710678118655856 -0 -0.70710678118655856 0.70710678118653658 0 0.83241161000000097
1 44.899999984742571 5.0824116111678128 0 -1 0 0 0 0 1 0 1 -0 
2 45.199999984742576 7.2000000111678126 0 0 0 1 0 1 0 -1 0 0 0.30000000000000199
1 45.199999984742576 7.5000000111678151 0 0 1 0 0 -0 1 1 0 -0 
2 45.899999984742578 6.7000000111678144 0 0 0 1 1 0 -0 -0 1 0 0.80000000000000004
1 46.699999984742576 6.7000000111678144 0 1 0 0 0 0 -1 -0 1 0 
2 44.699999984742576 2.0000000111678151 0 0 0 1 0 -1 0 1 0 -0 2
1 44.699999984742576 1.1167815e-08 0 0 -1 0 0 0 -1 1 0 0 
2 39.999999984742573 0.80000001116781405 0 0 0 1 -1 0 0 0 -1 0 0.79999999999999905
1 39.199999984742568 0.80000001116781405 0 -1 -7.4074079999999999e-09 0 0 0 1 -7.4074079999999999e-09 1 0 
2 39.499999979557387 1.500000011167814 0 0 0 1 0 1 0 -1 0 0 0.29999999999999999
1 39.499999979557387 1.8000000111678141 0 -1.856338e-09 1 0 0 0 1 1 1.856338e-09 -0 
2 41.617588379557375 2.632411619202335 0 0 0 1 0 1 0 -1 0 0 0.83241160410356096
1 42.206192269557377 3.221015509202326 0 -0.70710678180795306 -0.70710678056514198 0 0 0 1 -0.70710678056514198 0.70710678180795306 0 
2 37.834567087975302 3.3500000076202689 0 0 0 1 -0.70710678118654402 -0.70710678118655101 0 0.70710678118655101 -0.70710678118654402 0 2.9999999999999898
1 37.834567087975302 6.3500000076202587 0 1.4790049999999999e-09 -1 0 0 0 -1 1 1.4790049999999999e-09 0 
2 35.565432877975304 3.3500000092982769 0 0 0 1 0 -1 0 1 0 -0 2.9999999949659202
1 33.444112537975293 5.4713203492982894 0 0.70710678045869302 -0.70710678191440202 0 0 0 -1 0.70710678191440202 0.70710678045869302 0 
2 31.782411589828374 2.632411617445209 0 0 0 1 0.70710678118653403 -0.70710678118656101 0 0.70710678118656101 0.70710678118653403 -0 0.83241161000000097
1 31.782411589828374 1.8000000074452081 0 0 1 0 0 -0 1 1 0 -0 
2 33.89999998982838 1.500000007445206 0 0 0 1 1 0 -0 -0 1 0 0.30000000000000199
1 34.199999989828385 1.500000007445206 0 1 0 0 0 0 -1 -0 1 0 
2 33.399999989828387 0.80000000744520605 0 0 0 1 0 -1 0 1 0 -0 0.80000000000000004
1 33.399999989828387 7.4452060000000001e-09 0 0 -1 0 0 0 -1 1 0 0 
2 19.999999989828375 0.80000000744520505 0 0 0 1 -1 0 0 0 -1 0 0.79999999999999905
1 19.199999989828378 0.80000000744520505 0 -1 -7.4074079999999999e-09 0 0 0 1 -7.4074079999999999e-09 1 0 
2 19.499999984643193 1.5000000074452049 0 0 0 1 0 1 0 -1 0 0 0.29999999999999999
1 19.499999984643193 1.8000000074452049 0 -1.856338e-09 1 0 0 0 1 1 1.856338e-09 -0 
2 21.617588384643188 2.6324116154797261 0 0 0 1 0 1 0 -1 0 0 0.83241160410356096
1 22.20619227464319 3.2210155054797229 0 -0.70710678180795206 -0.70710678056514309 0 0 0 1 -0.70710678056514309 0.70710678180795206 0 
2 17.834567093061111 3.350000003897657 0 0 0 1 -0.70710678118654202 -0.70710678118655301 0 0.70710678118655301 -0.70710678118654202 0 2.9999999999999911
1 17.834567093061107 6.3500000038976481 0 1.4790049999999999e-09 -1 0 0 0 -1 1 1.4790049999999999e-09 0 
2 15.565432883061112 3.3500000055756671 0 0 0 1 0 -1 0 1 0 -0 2.9999999949659202
1 13.444112543061106 5.4713203455756823 0 0.70710678045869302 -0.70710678191440202 0 0 0 -1 0.70710678191440202 0.70710678045869302 0 
2 11.782411594914183 2.6324116137226019 0 0 0 1 0.70710678118654102 -0.70710678118655401 0 0.70710678118655401 0.70710678118654102 -0 0.83241161000000097
1 11.782411594914183 1.8000000037226009 0 0 1 0 0 -0 1 1 0 -0 
2 13.899999994914182 1.5000000037225989 0 0 0 1 1 0 -0 -0 1 0 0.30000000000000199
1 14.199999994914185 1.5000000037225989 0 1 0 0 0 0 -1 -0 1 0 
2 13.399999994914186 0.80000000372259905 0 0 0 1 0 -1 0 1 0 -0 0.80000000000000004
1 13.399999994914186 3.722599e-09 0 0 -1 0 0 0 -1 1 0 0 
2 -5.085813e-09 0.80000000372259805 0 0 0 1 -1 0 0 0 -1 0 0.79999999999999905
1 -0.80000000508581204 0.80000000372259805 0 -1 -7.4074079999999999e-09 0 0 0 1 -7.4074079999999999e-09 1 0 
2 -0.50000001027099705 1.500000003722598 0 0 0 1 0 1 0 -1 0 0 0.29999999999999999
1 -0.50000001027099705 1.8000000037225981 0 -1.856338e-09 1 0 0 0 1 1 1.856338e-09 -0 
2 1.617588389729002 2.6324116117571181 0 0 0 1 0 1 0 -1 0 0 0.83241160410356096
1 2.2061922797290019 3.2210155017571171 0 -0.70710678180795306 -0.70710678056514198 0 0 0 1 -0.70710678056514198 0.70710678180795306 0 
2 -2.1654329018530718 3.3500000001750538 0 0 0 1 -0.70710678118654302 -0.70710678118655201 0 0.70710678118655201 -0.70710678118654302 0 2.9999999999999911
1 -2.1654329018530718 6.3500000001750454 0 1.479006e-09 -1 0 0 0 -1 1 1.479006e-09 0 
2 -4.4345671118530641 3.3500000018530618 0 0 0 1 0 -1 0 1 0 -0 2.9999999949659202
1 -6.5558874518530716 5.4713203418530698 0 0.70710678045869102 -0.70710678191440401 0 0 0 -1 0.70710678191440401 0.70710678045869102 0 
2 -8.2175884000000003 2.6324116099999988 0 0 0 1 0.70710678118654802 -0.70710678118654702 0 0.70710678118654702 0.70710678118654802 -0 0.83241161000000097
1 -8.2175884000000003 1.8 0 0 1 0 0 -0 1 1 0 -0 
2 -6.0999999999999996 1.5 0 0 0 1 1 0 -0 -0 1 0 0.30000000000000199
1 -5.8000000000000007 1.5 0 1 0 0 0 0 -1 -0 1 0 
2 -6.6000000000000014 0.80000000000000004 0 0 0 1 0 -1 0 1 0 -0 0.80000000000000004
1 -6.6000000000000014 -6.6281970000000004e-16 0 0 -1 0 0 0 -1 1 0 0 
2 -11.300000000000001 1.9999999999999989 0 0 0 1 -1 0 0 0 -1 0 2
1 -13.300000000000001 1.9999999999999989 0 -1 0 0 0 0 1 0 1 -0 
2 -12.5 6.6999999999999993 0 0 0 1 0 1 0 -1 0 0 0.79999999999999905
1 -12.5 7.4999999999999982 0 -7.4074079999999999e-09 1 0 0 0 1 1 7.4074079999999999e-09 -0 
2 -11.800000000000001 7.200000005185184 0 0 0 1 1 0 -0 -0 1 0 0.29999999999999999
1 -11.500000000000002 7.2000000051851849 0 1 1.856338e-09 0 0 0 -1 -1.856338e-09 1 0 
2 -10.667588391965481 5.0824116051851842 0 0 0 1 1 0 -0 -0 1 0 0.83241160410356096
1 -10.078984501965483 4.4938077151851834 0 -0.70710678056513898 0.70710678180795605 0 0 0 1 0.70710678180795605 0.70710678056513898 -0 
2 -9.9500000035475349 8.8654328967672473 0 0 0 1 -0.70710678118654602 0.70710678118654902 0 -0.70710678118654902 -0.70710678118654602 0 2.9999999999999898
1 -6.9500000035475464 8.8654328967672473 0 -1 -1.4790049999999999e-09 0 0 0 1 -1.4790049999999999e-09 1 0 
