DBRep_DrawableShape

CASCADE Topology V1, (c) Matra-Datavision
Locations 0
Curve2ds 118
1 6.2831853071795862 0 -1 0 
1 6.2831853071795862 0 -1 0 
1 0 0 1 0 
1 0 0 1 0 
1 0 0 1 0 
1 0 0 1 0 
1 0 0 1 0 
1 0 0 1 0 
1 6.2831853071795862 0 -1 0 
1 6.2831853071795862 0 -1 0 
1 6.2831853071795853 0 -1 0 
1 6.2831853071795871 0 -1 0 
1 6.2831853071795862 0 -1 0 
1 6.2831853071795862 0 -1 0 
1 6.2831853071795862 0 -1 0 
1 6.2831853071795862 0 -1 0 
1 0 0 1 0 
1 0 0 1 0 
1 0 0 1 0 
1 0 0 1 0 
1 0 0 1 0 
1 0 0 1 0 
1 0 0 1 0 
1 6.2831853071795862 0 -1 0 
1 6.2831853071795862 0 -1 0 
1 6.2831853071795862 0 -1 0 
1 6.2831853071795862 0 -1 0 
1 6.2831853071795862 0 -1 0 
1 6.2831853071795862 0 -1 0 
1 6.2831853071795862 0 -1 0 
1 6.2831853071795862 0 -1 0 
1 0 0 1 0 
1 0 0 1 0 
1 0 0 1 0 
1 0 0 1 0 
1 0 0 1 0 
1 0 0 1 0 
1 0 0 1 0 
1 6.2831853071795862 0 -1 0 
1 6.2831853071795862 0 -1 0 
1 6.2831853071795871 0 -1 0 
1 6.2831853071795862 0 -1 0 
1 6.2831853071795862 0 -1 0 
1 6.2831853071795862 0 -1 0 
1 6.2831853071795845 0 -1 0 
1 6.2831853071795862 0 -1 0 
1 0 0 1 0 
1 0 0 1 0 
1 0 0 1 0 
1 0 0 1 0 
1 0 0 1 0 
1 0 0 1 0 
1 6.2831853071795862 0 -1 0 
1 6.2831853071795862 0 -1 0 
1 6.2831853071795862 0 -1 0 
1 6.2831853071795862 0 -1 0 
1 6.2831853071795862 0 -1 0 
1 6.2831853071795862 0 -1 0 
1 6.2831853071795862 0 -1 0 
1 6.2831853071795862 0 -1 0 
1 0 0 1 0 
1 0 0 1 0 
1 0 0 1 0 
1 0 0 1 0 
1 0 0 1 0 
1 0 0 1 0 
1 0 0 1 0 
1 6.2831853071795862 0 -1 0 
1 6.283185307179588 0 -1 0 
1 6.2831853071795862 0 -1 0 
1 6.2831853071795862 0 -1 0 
1 6.2831853071795862 0 -1 0 
1 6.2831853071795862 0 -1 0 
1 6.2831853071795862 0 -1 0 
1 6.2831853071795862 0 -1 0 
1 0 0 1 0 
1 0 0 1 0 
1 0 0 1 0 
1 0 0 1 0 
1 0 0 1 0 
1 0 0 1 0 
1 0 0 1 0 
1 6.2831853071795862 0 -1 0 
1 6.2831853071795862 0 -1 0 
1 6.2831853071795862 0 -1 0 
1 6.2831853071795862 0 -1 0 
1 6.2831853071795862 0 -1 0 
1 6.2831853071795862 0 -1 0 
1 6.2831853071795862 0 -1 0 
1 0 0 1 0 
1 0 0 1 0 
1 6.2831853071795862 0 -1 0 
1 0 0 1 0 
1 0 0 1 0 
1 6.2831853071795862 0 -1 0 
1 0 0 1 0 
1 0 0 1 0 
1 6.2831853071795862 0 -1 0 
1 0 0 1 0 
1 0 0 1 0 
1 0 0 1 0 
1 0 0 1 0 
1 0 0 1 0 
1 0 0 1 0 
1 0 0 1 0 
1 0 0 1 0 
1 0 0 1 0 
1 0 0 1 0 
1 0 0 1 0 
1 0 0 1 0 
1 0 0 1 0 
1 0 0 1 0 
1 0 0 1 0 
1 0 0 1 0 
1 0 0 1 0 
1 0 0 1 0 
1 0 0 1 0 
1 0 0 1 0 
Curves 222
2 2.0000000111429022 35.499999999997272 0 0 0 -1 -1 7.6470310000000005e-09 0 7.6470310000000005e-09 1 0 2.500000000001279
2 1.9999999989977371 37.5 0 0 0 -1 6.0708769999999999e-09 -1 0 -1 -6.0708769999999999e-09 -0 0.49999999999883499
1 1.5000000099973929 35.850000003331388 0 -6.6661830000000004e-09 1 0 
2 1.0000000099978481 35.850000000000364 0 0 0 1 0 -1 0 1 0 -0 0.50000000000061096
1 -0.50000000000068201 35.349999999996271 0 1 2.2737369999999998e-12 0 
2 -0.49999999000192502 36.349999999996498 0 0 0 1 -1 3.4106050000000001e-12 0 -3.4106050000000001e-12 -1 0 1.000000000000334
1 -1.4999999900021519 38.500000000000227 0 0 -1 0 
2 9.9976209999999995e-09 38.500000000000227 0 0 0 1 0 1 0 -1 0 0 1.499999999999168
1 28.799999989997787 40 0 -1 0 0 
2 28.799999989997787 38.500000000000227 0 0 0 1 1 0 -0 -0 1 0 1.5000000000000571
1 30.299999989997559 36.349999999999909 0 0 1 0 
2 29.299999989998469 36.349999999996498 0 0 0 1 9.9998939999999995e-09 -1 0 1 9.9998939999999995e-09 -0 0.999999999999446
1 27.799999989997559 35.349999999999682 0 1 0 0 
2 27.799999989997559 35.850000000000364 0 0 0 1 -1 6.6620490000000003e-09 0 -6.6620490000000003e-09 -1 0 0.499999999999723
1 27.300000000997215 37.499999996664428 0 -6.6661830000000004e-09 -1 0 
2 26.80000000099767 37.5 0 0 0 -1 -1 6.6711440000000002e-09 0 6.6711440000000002e-09 1 0 0.49999999999883499
2 26.799999988852505 35.499999999999545 0 0 0 -1 -6.0726959999999999e-09 -1 -0 -1 6.0726959999999999e-09 0 2.4999999999995031
1 24.299999998085013 34.292388119097268 0 -7.6452610000000004e-09 1 0 
2 29.299999998083877 34.292388157333562 0 0 0 -1 1 7.6472590000000004e-09 0 7.6472590000000004e-09 -1 0 4.9999999999981171
1 27.456854249491016 29.064466094066574 0 -0.70710678118702253 0.70710678118607251 0 
2 30.99238815542094 32.599999999996498 0 0 0 -1 0.70710678118654757 0.70710678118654757 0 0.70710678118654757 -0.70710678118654757 0 4.9999999999972298
1 37.807611844571056 27.599999999999909 0 -1 0 0 
2 37.807611844571056 32.599999999999909 0 0 0 -1 0 1 0 1 -0 0 5.0000000000007807
1 43.035533907841454 30.756854251402501 0 -0.70710678118678505 -0.70710678118630999 0 
2 39.500000001913804 34.292388157333562 0 0 0 -1 -0.70710678118620651 0.70710678118688852 0 0.70710678118688852 0.70710678118620651 0 4.9999999999945626
1 44.500000011144039 35.499999980879693 0 -7.6480850000000007e-09 -1 0 
2 42.000000011144039 35.499999999999545 0 0 0 -1 -1 7.6479409999999994e-09 0 7.6479409999999994e-09 1 0 2.5000000000003899
2 41.999999998997737 37.5 0 0 0 -1 6.0754249999999996e-09 -1 0 -1 -6.0754249999999996e-09 -0 0.49999999999883499
1 41.500000009997393 35.850000000000364 0 -6.6661830000000004e-09 1 0 
2 41.000000009997848 35.850000000000364 0 0 0 1 -1.9997514999999996e-08 -0.99999999999999978 0 0.99999999999999978 -1.9997514999999996e-08 0 0.50000000000061096
1 39.500000009998075 35.349999999999682 0 1 0 0 
2 39.500000009998075 36.349999999999909 0 0 0 1 -1 0 0 0 -1 0 1.000000000000334
1 38.500000009997848 38.500000000000227 0 0 -1 0 
2 40.000000009997621 38.500000000000227 0 0 0 1 -6.6650800000000003e-09 1 0 -1 -6.6650800000000003e-09 0 1.5000000000000571
1 50.399999999999636 39.999999988519903 0 -1 1.103855e-09 0 
2 50.399999966272802 35.999999930967292 0 0 0 1 0.99999999999999978 2.0350512999999998e-08 -0 -2.0350512999999998e-08 0.99999999999999978 0 4.000000057557962
1 54.400000011469594 25.600000022367325 0 1.188574e-09 1 0 
2 52.900000011469537 25.600000021478728 0 0 0 1 -1.5888801e-08 -1 0 1 -1.5888801e-08 0 1.5000000000000571
1 50.749999987639427 24.100000021479808 0 1 -5.2877600000000001e-13 0 
2 50.749999987636016 25.100000021478365 0 0 0 1 -1 -1.0002168e-08 0 1.0002168e-08 -1 0 0.99999999999855704
1 49.749999987637459 26.600000021478138 0 0 -1 0 
2 50.249999987637182 26.600000021479275 0 0 0 1 6.6575009999999997e-09 1 -0 -1 6.6575009999999997e-09 0 0.499999999999723
1 51.899999984301246 27.100000010478659 0 -1 6.666872e-09 0 
2 51.899999987636818 27.600000010478382 0 0 0 -1 6.6711440000000002e-09 1 0 1 -6.6711440000000002e-09 0 0.499999999999723
2 49.899999987635262 27.600000022625821 0 0 0 -1 -1 6.0736059999999996e-09 0 6.0736059999999996e-09 1 0 2.500000000001279
1 48.692388106738669 30.100000013391181 0 1 7.6480850000000007e-09 0 
2 48.692388144974963 25.100000013389504 0 0 0 -1 7.6472590000000004e-09 -1 0 -1 -7.6472590000000004e-09 -0 5.0000000000016707
1 43.464466081705694 26.943145761988067 0 0.70710678118654757 0.70710678118654757 0 
2 46.999999987643136 23.407611856055169 0 0 0 -1 0.70710678118700199 -0.70710678118609305 0 -0.70710678118609305 -0.70710678118700199 -0 5.000000000003447
1 41.999999987639697 16.592388166905053 0 0 1 0 
2 46.99999998764136 16.592388166905053 0 0 0 -1 1 0 0 0 -1 0 5.0000000000016707
1 45.156854239042801 11.364466103635774 0 -0.70710678118654757 0.70710678118654757 0 
2 48.69238814497821 14.900000009575734 0 0 0 -1 0.70710678118609305 0.70710678118700199 0 0.70710678118700199 -0.70710678118609305 0 5.0000000000069988
1 49.899999968519793 9.9000000003328168 0 -1 7.6480850000000007e-09 0 
2 49.899999987638509 12.400000000333208 0 0 0 -1 7.647486e-09 1 0 1 -7.647486e-09 0 2.5000000000003899
2 51.899999987640072 12.400000012481783 0 0 0 -1 -1 -6.0708769999999999e-09 -0 -6.0708769999999999e-09 1 0 0.49999999999883499
1 50.249999987640436 12.900000001479142 0 1 6.6675610000000004e-09 0 
2 50.249999987640436 13.400000001478865 0 0 0 1 -0.99999999999999978 2.0004335999999996e-08 0 -2.0004335999999996e-08 -0.99999999999999978 0 0.499999999999723
1 49.749999987640706 14.900000001478638 0 0 -1 0 
2 50.749999987640152 14.900000001478638 0 0 0 1 0 1 0 -1 0 0 0.999999999999446
1 52.899999987637059 15.900000001478084 0 -1 0 0 
2 52.899999987635923 14.400000001477139 0 0 0 1 1 6.6681119999999999e-09 -0 -6.6681119999999999e-09 1 0 1.500000000000945
1 54.399999976156778 4.0000000114796697 0 1.103855e-09 1 0 
2 50.399999918598809 4.0000000451935014 0 0 0 1 2.0350205999999996e-08 -0.99999999999999978 0 0.99999999999999978 2.0350205999999996e-08 -0 4.000000057557962
1 40.000000009997621 -3.4106050000000001e-12 0 1 -1.1887929999999999e-09 0 
2 40.000000009997621 1.4999999999974989 0 0 0 1 -1 1.515825e-12 0 -1.515825e-12 -1 0 1.5000000000000571
1 38.500000009997848 3.6499999999989541 0 0 -1 0 
2 39.500000009998075 3.6499999999989541 0 0 0 1 -9.9987569999999994e-09 1 0 -1 -9.9987569999999994e-09 0 1.000000000000334
1 41.000000009997848 4.6499999999991823 0 -1 -1.515824e-12 0 
2 41.000000009997848 4.1499999999996362 0 0 0 1 1 -6.6688699999999999e-09 0 6.6688699999999999e-09 1 -0 0.499999999999723
1 41.499999998998192 2.5000000033310239 0 6.6661830000000004e-09 1 0 
2 41.999999998997737 2.499999999996589 0 0 0 -1 1 -6.6688699999999999e-09 0 -6.6688699999999999e-09 -1 -0 0.499999999999723
2 42.000000011144039 4.4999999999993179 0 0 0 -1 6.0726959999999999e-09 1 0 1 -6.0726959999999999e-09 0 2.500000000001279
1 44.50000000190812 5.7076118808993224 0 7.6480850000000007e-09 -1 0 
2 39.500000001917215 5.7076118426630273 0 0 0 -1 -1 -7.6472590000000004e-09 -0 -7.6472590000000004e-09 1 0 4.999999999992788
1 41.343145750504391 10.935533905931152 0 0.70710678118654757 -0.70710678118654757 0 
2 37.807611844571056 7.3999999999955444 0 0 0 -1 -0.70710678118632009 -0.70710678118677506 -0 -0.70710678118677506 0.70710678118632009 0 5.0000000000016698
1 30.992388155423214 12.399999999998954 0 1 0 0 
2 30.992388155423214 7.4000000000000909 0 0 0 -1 0 -1 0 -1 -0 -0 4.9999999999981171
1 25.764466092152816 9.2431457485940882 0 0.70710678118678505 0.70710678118630999 0 
2 29.299999998087287 5.7076118426607536 0 0 0 -1 0.70710678118666104 -0.707106781186434 0 -0.707106781186434 -0.70710678118666104 -0 5.0000000000043361
1 24.299999988847958 4.5000000191168974 0 7.6490269999999999e-09 1 0 
2 26.799999988852505 4.4999999999993179 0 0 0 -1 1 -7.6470310000000005e-09 0 -7.6470310000000005e-09 -1 -0 2.500000000001279
2 26.80000000099767 2.499999999996589 0 0 0 -1 -6.0731510000000002e-09 1 0 1 6.0731510000000002e-09 0 0.49999999999883499
1 27.299999989998014 4.1499999999996362 0 6.6661829999999995e-09 -1 0 
2 27.799999989997559 4.1499999999996362 0 0 0 1 1.9997514999999996e-08 0.99999999999999978 -0 -0.99999999999999978 1.9997514999999996e-08 0 0.499999999999723
1 29.299999989998469 4.6499999999991823 0 -1 0 0 
2 29.299999989998469 3.6499999999989541 0 0 0 1 1 0 -0 -0 1 0 1.000000000000334
1 30.299999989997559 1.4999999999997731 0 0 1 0 
2 28.799999989997787 1.4999999999997731 0 0 0 1 6.6658380000000004e-09 -1 0 1 6.6658380000000004e-09 -0 1.5000000000000571
1 0 0 0 1 0 0 
2 9.9976209999999995e-09 1.4999999999997731 0 0 0 1 -1 0 0 0 -1 0 1.5000000000000571
1 -1.4999999900021519 3.6499999999989541 0 0 -1 0 
2 -0.49999999000192502 3.6499999999989541 0 0 0 1 0 1 0 -1 0 0 1.000000000000334
1 0.99999999999909095 4.6499999999991823 0 -1 0 0 
2 1.0000000099978481 4.1499999999996362 0 0 0 1 1 0 -0 -0 1 0 0.50000000000061096
1 1.499999998998192 2.5000000033310239 0 6.6661829999999995e-09 1 0 
2 1.9999999989977371 2.499999999996589 0 0 0 -1 1 -6.6688699999999999e-09 0 -6.6688699999999999e-09 -1 -0 0.499999999999723
2 2.0000000111429022 4.4999999999993179 0 0 0 -1 6.0722409999999996e-09 1 0 1 -6.0722409999999996e-09 0 2.500000000001279
1 4.5000000019081199 5.7076118808993224 0 7.6480850000000007e-09 -1 0 
2 -0.49999999809415402 5.7076118426607536 0 0 0 -1 -1 -7.6477139999999999e-09 -0 -7.6477139999999999e-09 1 0 5.000000000003447
1 1.3431457505043909 10.935533905931152 0 0.70710678118630999 -0.70710678118678505 0 
2 -2.1923881554289442 7.3999999999989541 0 0 0 -1 -0.70710678118666104 -0.707106781186434 -0 -0.707106781186434 0.70710678118666104 0 4.9999999999998934
1 -9.0076118445767861 12.399999999998954 0 1 0 0 
2 -9.0076118445767861 7.4000000000000909 0 0 0 -1 0 -1 0 -1 -0 -0 4.9999999999981171
1 -14.235533907847184 9.2431457485940882 0 0.70710678118678505 0.70710678118630999 0 
2 -10.700000001922945 5.7076118426630273 0 0 0 -1 0.70710678118586501 -0.70710678118723003 0 -0.70710678118723003 -0.70710678118586501 -0 4.9999999999927889
1 -15.700000011152042 4.5000000191168974 0 7.6490269999999999e-09 1 0 
2 -13.200000011152042 4.4999999999993179 0 0 0 -1 1 -7.6470310000000005e-09 0 -7.6470310000000005e-09 -1 -0 2.5000000000003899
2 -13.19999999900233 2.499999999996589 0 0 0 -1 -6.0731510000000002e-09 1 0 1 6.0731510000000002e-09 0 0.499999999999723
1 -12.700000010001986 4.1499999966652013 0 6.6661830000000004e-09 -1 0 
2 -12.200000010002441 4.1499999999996362 0 0 0 1 0 1 0 -1 0 0 0.499999999999723
1 -10.700000000001637 4.6499999999969077 0 -1 1.5158239999999998e-12 0 
2 -10.700000010001531 3.6499999999989541 0 0 0 1 1 0 -0 -0 1 0 0.999999999999446
1 -9.7000000100024408 1.4999999999997731 0 0 1 0 
2 -11.200000010002213 1.4999999999974989 0 0 0 1 0 -1 0 1 0 -0 1.499999999999168
1 -21.600000000000819 0 0 1 0 0 
2 -21.600000000005366 3.999999999996362 0 0 0 1 -1 8.5265129999999995e-13 0 -8.5265129999999995e-13 -1 0 3.999999999997784
1 -25.600000000005139 14.399999999999409 0 1.093143e-13 -1 0 
2 -24.100000000000819 14.399999989997241 0 0 0 1 0 1 0 -1 0 0 1.500000000001833
1 -21.950000000001637 15.899999989997013 0 -1 0 0 
2 -21.950000000001637 14.899999989996786 0 0 0 1 1 0 -0 -0 1 0 0.999999999999446
1 -20.950000000003683 13.399999999999181 0 1.515825e-12 1 0 
2 -21.450000000000955 13.399999989997013 0 0 0 1 0 -1 0 1 0 -0 0.49999999999883499
1 -23.09999999666843 12.900000000997807 0 1 -6.6675610000000004e-09 0 
2 -23.100000000004002 12.400000000998261 0 0 0 -1 -6.6711440000000002e-09 -1 -0 -1 6.6711440000000002e-09 0 0.49999999999794598
2 -21.100000000001273 12.399999988849686 0 0 0 -1 1 -6.0736059999999996e-09 0 -6.0736059999999996e-09 -1 -0 2.4999999999995031
1 -19.89238811910127 9.8999999980856046 0 -1 -7.6480850000000007e-09 0 
2 -19.892388157337564 14.899999998084468 0 0 0 -1 -7.6472590000000004e-09 1 0 1 7.6472590000000004e-09 0 4.9999999999972298
1 -14.664466094069439 13.056854249492744 0 -0.70710678118630999 -0.70710678118678505 0 
2 -18.200000000001637 16.592388155422668 0 0 0 -1 -0.70710678118677506 0.70710678118632009 0 0.70710678118632009 0.70710678118677506 0 4.9999999999990052
1 -13.200000000001637 23.407611844573921 0 0 -1 0 
2 -18.200000000005048 23.407611844572784 0 0 0 -1 -1 -2.2737369999999998e-13 -0 -2.2737369999999998e-13 1 0 5.0000000000016707
1 -16.356854251406503 28.635533907845456 0 0.70710678118630999 -0.70710678118678505 0 
2 -19.892388157337564 25.100000001910985 0 0 0 -1 -0.70710678118620651 -0.70710678118688852 -0 -0.70710678118688852 0.70710678118620651 0 4.9999999999990052
1 -21.099999980883695 30.100000011146903 0 1 -7.6480850000000007e-09 0 
2 -21.099999999999 27.600000011143493 0 0 0 -1 -7.6461220000000003e-09 -1 -0 -1 7.6461220000000003e-09 0 2.500000000002168
2 -23.100000000000591 27.599999998997191 0 0 0 -1 1 6.0731510000000002e-09 0 6.0731510000000002e-09 -1 0 0.50000000000061096
1 -21.450000003336527 27.100000009997984 0 -1 -6.6675610000000004e-09 0 
2 -21.450000000000955 26.600000009998439 0 0 0 1 1 0 -0 -0 1 0 0.499999999999723
1 -20.95000000000141 25.099999999996498 0 0 1 0 
2 -21.950000000001637 25.100000009998666 0 0 0 1 0 -1 0 1 0 -0 0.999999999999446
1 -24.100000000000819 24.100000009999576 0 1 -5.2877600000000001e-13 0 
2 -24.100000000003092 25.600000009998212 0 0 0 1 -1 0 0 0 -1 0 1.499999999999168
1 -25.600000000004002 36.000000000000227 0 0 -1 0 
2 -21.600000000003092 36.000000000000227 0 0 0 1 5.6843420000000003e-13 1 -0 -1 5.6843420000000003e-13 0 3.9999999999986708
1 -11.200000000001182 40 0 -1 0 0 
2 -11.200000010002213 38.499999999996817 0 0 0 1 1 2.2737369999999998e-12 -0 -2.2737369999999998e-12 1 0 1.500000000001833
1 -9.7000000100024408 36.349999999999909 0 0 1 0 
2 -10.700000010001531 36.349999999999909 0 0 0 1 0 -1 0 1 0 -0 1.000000000000334
1 -12.200000000003683 35.349999999999682 0 1 0 0 
2 -12.200000010002441 35.850000000000364 0 0 0 1 -1 0 0 0 -1 0 0.50000000000061096
1 -12.699999999002785 37.499999996664428 0 -6.6661830000000004e-09 -1 0 
2 -13.19999999900233 37.5 0 0 0 -1 -1 6.6711440000000002e-09 0 6.6711440000000002e-09 1 0 0.49999999999883499
2 -13.200000011152042 35.499999999999545 0 0 0 -1 -6.0745149999999999e-09 -1 -0 -1 6.0745149999999999e-09 0 2.5000000000003899
1 -15.700000001914987 34.292388119097268 0 -7.6490269999999999e-09 1 0 
2 -10.700000001916123 34.292388157333562 0 0 0 -1 1 7.6472590000000004e-09 0 7.6472590000000004e-09 -1 0 4.9999999999972298
1 -12.543145750508984 29.064466094066574 0 -0.70710678118702253 0.70710678118607251 0 
2 -9.0076118445790598 32.599999999996498 0 0 0 -1 0.70710678118654757 0.70710678118654757 0 0.70710678118654757 -0.70710678118654757 0 4.9999999999972298
1 -2.1923881554289442 27.599999999999909 0 -1 0 0 
2 -2.1923881554289442 32.599999999999909 0 0 0 -1 0 1 0 1 -0 0 5.0000000000007807
1 3.0355339078414549 30.756854251402501 0 -0.70710678118678505 -0.70710678118630999 0 
2 -0.49999999809301698 34.292388157333562 0 0 0 -1 -0.70710678118688852 0.70710678118620651 0 0.70710678118620651 0.70710678118688852 0 5.0000000000016707
1 4.5000000111440386 35.499999980879693 0 -7.6480850000000007e-09 -1 0 
2 1.1999992370567729 8.2502527218832711 0 0 0 -1 1 0 0 0 -1 0 5.0000000000016707
1 6.1999992370556347 8.2502527218832711 0 0 -1 0 
2 8.6999992370556356 4.4999999999970441 0 0 0 1 1 -9.0949469999999998e-13 0 9.0949469999999998e-13 1 -0 2.4999999999995031
1 8.6999992370567725 1.9999999999970439 0 1 0 0 
2 20.100000762938635 4.4999999999970441 0 0 0 1 9.0949469999999998e-13 1 -0 -1 9.0949469999999998e-13 0 2.4999999999995031
1 22.600000762936361 4.4999999999993179 0 0 1 0 
2 27.600000762938635 8.2502527218832711 0 0 0 -1 -0.70710708194887806 0.70710648042408908 0 0.70710648042408908 0.70710708194887806 0 5.0000000000016698
1 24.06446535319219 11.78578512400577 0 0.70710648042568913 0.70710708194727812 0 
2 21.649999999993952 16.442388536354429 0 0 0 1 -0.70710708194876415 0.7071064804242031 0 -0.7071064804242031 -0.70710708194876415 0 5.000000000003447
1 26.649999999996226 16.442388536352155 0 0 1 0 
2 21.649999999993952 23.557611463639887 0 0 0 1 -1 -9.0949469999999998e-13 0 9.0949469999999998e-13 -1 0 5.0000000000043352
1 25.185536913550095 27.093142361952687 0 -0.70710617966298761 0.70710738270959561 0 
2 27.60000076293295 31.749748231788999 0 0 0 -1 -1 0 0 0 1 0 4.9999999999981171
1 22.600000762936361 31.749748231788999 0 0 1 0 
2 20.100000762938635 35.499999999999545 0 0 0 1 -1 0 0 0 -1 0 2.4999999999995031
1 20.100000762936361 37.999999999999545 0 -1 0 0 
2 8.6999992370556356 35.499999999999545 0 0 0 1 -4.5474739999999997e-13 -1 0 1 -4.5474739999999997e-13 0 2.4999999999995031
1 6.1999992370556347 35.499999999999545 0 3.0314449999999998e-13 -1 0 
2 1.1999992370510879 31.749748231788999 0 0 0 -1 0.70710738271096718 -0.70710617966161626 0 -0.70710617966161626 -0.70710738271096718 -0 5.0000000000052234
1 4.7355361506106419 28.214217333476199 0 -0.70710617966191069 -0.70710738271067264 0 
2 7.1499999999991823 23.557611463639887 0 0 0 1 0.70710738271028517 -0.70710617966229827 0 0.70710617966229827 0.70710738271028517 -0 4.9999999999998934
1 2.1499999999991819 23.557611463644434 0 0 -1 0 
2 7.1499999999991823 16.442388536354429 0 0 0 1 1 4.5474739999999997e-13 -0 -4.5474739999999997e-13 1 0 4.9999999999998934
1 3.6144645902561479 12.906856134228519 0 0.70710648042461299 -0.70710708194835414 0 
2 -23.30000000000382 7.6999999999998181 0 0 0 1 -6.8212100000000002e-12 -1 0 1 -6.8212100000000002e-12 0 0.499999999999723
1 -23.800000000001091 7.6999999999998181 0 0 -1 0 
2 -21.600000000005366 3.999999999996362 0 0 0 1 1 -1.5502750000000001e-12 0 1.5502750000000001e-12 1 -0 2.1999999999975368
1 -21.600000000000819 1.7999999999995 0 1 -9.2178519999999991e-13 0 
2 -17.900000000000773 2.2999999999967708 0 0 0 1 0 1 0 -1 0 0 0.50000000000061096
1 -17.400000000001228 2.2999999523142378 0 0 1 0 
2 -17.900000000000773 7.6999999999998181 0 0 0 1 -1 0 0 0 -1 0 0.49999999999883499
1 -17.899999237064321 8.1999999999959527 0 -1 0 0 
2 -17.900000000000773 37.699999999999818 0 0 0 1 -1 0 0 0 -1 0 0.50000000000061096
1 -17.900000000000773 38.199999999999363 0 -1 0 0 
2 -21.600000000003092 36.000000000000227 0 0 0 1 -1.0335169999999999e-12 -1 0 1 -1.0335169999999999e-12 0 2.1999999999993141
1 -23.800000000001091 36.000000000000227 0 0 -1 0 
2 -23.300000000000409 32.300000000000182 0 0 0 1 1 0 -0 -0 1 0 0.50000000000061096
1 -23.30000004768408 31.7999999999995 0 1 0 0 
2 -17.900000000000773 32.299999999996771 0 0 0 1 0 1 0 -1 0 0 0.49999999999794598
1 -17.400000000001228 32.299999237058046 0 0 1 0 
2 52.099999999999227 7.6999999999998181 0 0 0 1 -1 0 0 0 -1 0 0.499999999999723
1 52.099999999999234 8.1999999999970878 0 -0.99999999999999933 -3.5321022000000009e-08 0 
2 46.699999674391393 7.7000001348699243 0 0 0 1 8.7466844600000049e-07 -0.99999999999961753 0 0.99999999999961753 8.7466844600000049e-07 -0 0.499999674393514
1 46.199999999998909 7.6999999999998181 0 0 -1 0 
2 46.69999999999618 2.2999999999967708 0 0 0 1 0.99999999999999545 9.5365067000000039e-08 -0 -9.5365067000000039e-08 0.99999999999999545 0 0.49999999999883499
1 46.699999999999591 1.799999999999498 0 0.99999999999999989 -1.2888092999999998e-08 0 
2 50.399999918598724 4.0000000337136044 0 0 0 1 -3.7000413000000016e-08 0.99999999999999933 0 -0.99999999999999933 -3.7000413000000016e-08 0 2.2000000813999772
1 52.599999999998772 3.9999999999997731 0 0 1 0 
2 46.69999999999618 37.699999999999818 0 0 0 1 -6.8212100000000002e-12 -1 0 1 -6.8212100000000002e-12 0 0.49999999999883499
1 46.199999999998909 37.699999999999818 0 3.5321232000000004e-08 -0.99999999999999933 0 
2 46.699999865127211 32.299999674394257 0 0 0 1 0.99999999999961753 8.7467299300000057e-07 -0 -8.7467299300000057e-07 0.99999999999961753 0 0.49999967439528997
1 46.699999999999591 31.7999999999995 0 1 -4.2106240000000005e-13 0 
2 52.099999999999227 32.299999999996771 0 0 0 1 -9.5367341000000042e-08 0.99999999999999545 0 -0.99999999999999545 -9.5367341000000042e-08 0 0.499999999999723
1 52.599999999998772 32.300000000000182 0 1.2887477999999998e-08 0.99999999999999989 0 
2 50.39999996628012 35.999999918598178 0 0 0 1 -0.99999999999999933 -3.7000930000000012e-08 0 3.7000930000000012e-08 -0.99999999999999933 0 2.2000000814008658
1 50.399999999999636 38.199999999999363 0 -1 -6.1452340000000003e-13 0 
2 34.399999999999409 20 0 0 0 1 -1 0 0 0 -1 0 3.3500000000001871
2 -5.6000000000005912 20 0 0 0 1 -1 0 0 0 -1 0 3.3500000000001871
Polygon3D 0
PolygonOnTriangulations 0
Surfaces 223
1 14.399999996631021 20.000000001812381 0 0 0 1 1 0 -0 -0 1 0 
2 2.0000000111429022 35.499999999997272 0 0 0 1 -1 7.6470310000000005e-09 0 -7.6470310000000005e-09 -1 0 2.500000000001279
2 1.9999999989977371 37.5 0 0 0 1 6.0708769999999999e-09 -1 0 1 6.0708769999999999e-09 -0 0.49999999999883499
1 1.499999998998192 37.499999996664428 0 1 6.6661830000000004e-09 0 0 0 -1 -6.6661830000000004e-09 1 0 
2 1.0000000099978481 35.850000000000364 0 0 0 1 0 -1 0 1 0 -0 0.50000000000061096
1 1.0000000099978481 35.349999999999682 0 2.2737369999999998e-12 -1 0 0 0 -1 1 2.2737369999999998e-12 0 
2 -0.49999999000192502 36.349999999996498 0 0 0 1 -1 3.4106050000000001e-12 0 -3.4106050000000001e-12 -1 0 1.000000000000334
1 -1.4999999900021519 36.349999999999909 0 -1 0 0 0 0 1 0 1 -0 
2 9.9976209999999995e-09 38.500000000000227 0 0 0 1 0 1 0 -1 0 0 1.499999999999168
1 9.9976209999999995e-09 40 0 0 1 0 0 -0 1 1 0 -0 
2 28.799999989997787 38.500000000000227 0 0 0 1 1 0 -0 -0 1 0 1.5000000000000571
1 30.299999989997559 38.500000000000227 0 1 0 0 0 0 -1 -0 1 0 
2 29.299999989998469 36.349999999996498 0 0 0 1 9.9998939999999995e-09 -1 0 1 9.9998939999999995e-09 -0 0.999999999999446
1 29.299999999998363 35.349999999999682 0 0 -1 0 0 0 -1 1 0 0 
2 27.799999989997559 35.850000000000364 0 0 0 1 -1 6.6620490000000003e-09 0 -6.6620490000000003e-09 -1 0 0.499999999999723
1 27.299999989998014 35.850000003331388 0 -1 6.6661830000000004e-09 0 0 0 1 6.6661830000000004e-09 1 -0 
2 26.80000000099767 37.5 0 0 0 1 -1 6.6711440000000002e-09 0 -6.6711440000000002e-09 -1 0 0.49999999999883499
2 26.799999988852505 35.499999999999545 0 0 0 1 -6.0726959999999999e-09 -1 0 1 -6.0726959999999999e-09 0 2.4999999999995031
1 24.299999988852505 35.499999980879693 0 1 7.6452610000000004e-09 0 0 0 -1 -7.6452610000000004e-09 1 0 
2 29.299999998083877 34.292388157333562 0 0 0 1 1 7.6472590000000004e-09 -0 -7.6472590000000004e-09 1 0 4.9999999999981171
1 25.764466092152816 30.756854251402501 0 0.70710678118607251 0.70710678118702253 0 0 0 -1 -0.70710678118702253 0.70710678118607251 0 
2 30.99238815542094 32.599999999996498 0 0 0 1 0.70710678118654757 0.70710678118654757 -0 -0.70710678118654757 0.70710678118654757 0 4.9999999999972307
1 30.992388155423214 27.599999999999909 0 0 1 0 0 -0 1 1 0 -0 
2 37.807611844571056 32.599999999999909 0 0 0 1 0 1 0 -1 0 0 5.0000000000007807
1 41.343145750504391 29.064466094066574 0 -0.70710678118630999 0.70710678118678505 0 0 0 1 0.70710678118678505 0.70710678118630999 -0 
2 39.500000001913804 34.292388157333562 0 0 0 1 -0.70710678118620651 0.70710678118688852 0 -0.70710678118688852 -0.70710678118620651 0 4.9999999999945626
1 44.50000000190812 34.292388119097268 0 -1 7.6480850000000007e-09 0 0 0 1 7.6480850000000007e-09 1 -0 
2 42.000000011144039 35.499999999999545 0 0 0 1 -1 7.6479409999999994e-09 0 -7.6479409999999994e-09 -1 0 2.5000000000003899
2 41.999999998997737 37.5 0 0 0 1 6.0754249999999996e-09 -1 0 1 6.0754249999999996e-09 -0 0.49999999999883499
1 41.499999998998192 37.499999996664428 0 1 6.6661830000000004e-09 0 0 0 -1 -6.6661830000000004e-09 1 0 
2 41.000000009997848 35.850000000000364 0 0 0 1 -1.9997514999999996e-08 -0.99999999999999978 0 0.99999999999999978 -1.9997514999999996e-08 0 0.50000000000061096
1 40.999999999999091 35.349999999999682 0 0 -1 0 0 0 -1 1 0 0 
2 39.500000009998075 36.349999999999909 0 0 0 1 -1 0 0 0 -1 0 1.000000000000334
1 38.500000009997848 36.349999999999909 0 -1 0 0 0 0 1 0 1 -0 
2 40.000000009997621 38.500000000000227 0 0 0 1 -6.6650800000000003e-09 1 0 -1 -6.6650800000000003e-09 0 1.5000000000000571
1 40 40 0 1.103855e-09 1 0 0 -0 1 1 -1.103855e-09 -0 
2 50.399999966272802 35.999999930967292 0 0 0 1 0.99999999999999978 2.0350512999999998e-08 -0 -2.0350512999999998e-08 0.99999999999999978 0 4.000000057557962
1 54.400000023830763 36.000000012369341 0 1 -1.188574e-09 0 0 0 -1 1.188574e-09 1 0 
2 52.900000011469537 25.600000021478728 0 0 0 1 -1.5888801e-08 -1 0 1 -1.5888801e-08 0 1.5000000000000571
1 52.899999987636335 24.100000021478671 0 -5.2877600000000001e-13 -1 0 -0 0 -1 1 -5.2877600000000001e-13 -0 
2 50.749999987636016 25.100000021478365 0 0 0 1 -1 -1.0002168e-08 0 1.0002168e-08 -1 0 0.99999999999855704
1 49.749999987637459 25.100000011476197 0 -1 0 0 0 0 1 0 1 -0 
2 50.249999987637182 26.600000021479275 0 0 0 1 6.6575009999999997e-09 1 -0 -1 6.6575009999999997e-09 0 0.499999999999723
1 50.249999990965932 27.100000021478998 0 6.666872e-09 1 0 0 -0 1 1 -6.666872e-09 -0 
2 51.899999987636818 27.600000010478382 0 0 0 1 6.6711440000000002e-09 1 -0 -1 6.6711440000000002e-09 0 0.499999999999723
2 49.899999987635262 27.600000022625821 0 0 0 1 -1 6.0736059999999996e-09 0 -6.0736059999999996e-09 -1 0 2.500000000001279
1 49.89999996851882 30.1000000226271 0 7.6480850000000007e-09 -1 0 0 0 -1 1 7.6480850000000007e-09 0 
2 48.692388144974963 25.100000013389504 0 0 0 1 7.6472590000000004e-09 -1 0 1 7.6472590000000004e-09 -0 5.0000000000016707
1 45.156854239043895 28.635533919326267 0 0.70710678118654757 -0.70710678118654757 0 0 0 -1 0.70710678118654757 0.70710678118654757 0 
2 46.999999987643136 23.407611856055169 0 0 0 1 0.70710678118700199 -0.70710678118609305 0 0.70710678118609305 0.70710678118700199 -0 5.0000000000034479
1 41.999999987639697 23.407611856056306 0 1 0 0 0 0 -1 -0 1 0 
2 46.99999998764136 16.592388166905053 0 0 0 1 1 0 -0 -0 1 0 5.0000000000016707
1 43.4644660817046 13.056854260973974 0 0.70710678118654757 0.70710678118654757 0 0 0 -1 -0.70710678118654757 0.70710678118654757 0 
2 48.69238814497821 14.900000009575734 0 0 0 1 0.70710678118609305 0.70710678118700199 -0 -0.70710678118700199 0.70710678118609305 0 5.0000000000069988
1 48.692388106739642 9.9000000095687355 0 7.6480850000000007e-09 1 0 0 -0 1 1 -7.6480850000000007e-09 -0 
2 49.899999987638509 12.400000000333208 0 0 0 1 7.647486e-09 1 -0 -1 7.647486e-09 0 2.5000000000003899
2 51.899999987640072 12.400000012481783 0 0 0 1 -1 -6.0708769999999999e-09 0 6.0708769999999999e-09 -1 0 0.49999999999883499
1 51.8999999843045 12.900000012480618 0 6.6675610000000004e-09 -1 0 0 0 -1 1 6.6675610000000004e-09 0 
2 50.249999987640436 13.400000001478865 0 0 0 1 -0.99999999999999978 2.0004335999999996e-08 0 -2.0004335999999996e-08 -0.99999999999999978 0 0.499999999999723
1 49.749999987640706 13.400000011481033 0 -1 0 0 0 0 1 0 1 -0 
2 50.749999987640152 14.900000001478638 0 0 0 1 0 1 0 -1 0 0 0.999999999999446
1 50.749999987640152 15.900000001478084 0 0 1 0 0 -0 1 1 0 -0 
2 52.899999987635923 14.400000001477139 0 0 0 1 1 6.6681119999999999e-09 -0 -6.6681119999999999e-09 1 0 1.500000000000945
1 54.399999987636875 14.400000011479307 0 1 -1.103855e-09 0 0 0 -1 1.103855e-09 1 0 
2 50.399999918598809 4.0000000451935014 0 0 0 1 2.0350205999999996e-08 -0.99999999999999978 0 0.99999999999999978 2.0350205999999996e-08 -0 4.000000057557962
1 50.399999999999636 -1.2366854000000001e-08 0 -1.1887929999999999e-09 -1 0 -0 0 -1 1 -1.1887929999999999e-09 -0 
2 40.000000009997621 1.4999999999974989 0 0 0 1 -1 1.515825e-12 0 -1.515825e-12 -1 0 1.5000000000000571
1 38.500000009997848 1.4999999999997731 0 -1 0 0 0 0 1 0 1 -0 
2 39.500000009998075 3.6499999999989541 0 0 0 1 -9.9987569999999994e-09 1 0 -1 -9.9987569999999994e-09 0 1.000000000000334
1 39.499999999999318 4.6499999999969077 0 -1.515824e-12 1 0 0 0 1 1 1.515824e-12 -0 
2 41.000000009997848 4.1499999999996362 0 0 0 1 1 -6.6688699999999999e-09 0 6.6688699999999999e-09 1 -0 0.499999999999723
1 41.500000009997393 4.1499999966652013 0 1 -6.6661830000000004e-09 0 0 0 -1 6.6661830000000004e-09 1 0 
2 41.999999998997737 2.499999999996589 0 0 0 1 1 -6.6688699999999999e-09 0 6.6688699999999999e-09 1 -0 0.499999999999723
2 42.000000011144039 4.4999999999993179 0 0 0 1 6.0726959999999999e-09 1 -0 -1 6.0726959999999999e-09 0 2.500000000001279
1 44.500000011144039 4.5000000191168974 0 -1 -7.6480850000000007e-09 0 0 0 1 -7.6480850000000007e-09 1 0 
2 39.500000001917215 5.7076118426630273 0 0 0 1 -1 -7.6472590000000004e-09 0 7.6472590000000004e-09 -1 0 4.999999999992788
1 43.035533907841454 9.2431457485940882 0 -0.70710678118654757 -0.70710678118654757 0 0 0 1 -0.70710678118654757 0.70710678118654757 0 
2 37.807611844571056 7.3999999999955444 0 0 0 1 -0.70710678118632009 -0.70710678118677506 0 0.70710678118677506 -0.70710678118632009 0 5.0000000000016698
1 37.807611844571056 12.399999999998954 0 0 -1 0 0 0 -1 1 0 0 
2 30.992388155423214 7.4000000000000909 0 0 0 1 0 -1 0 1 0 -0 4.9999999999981171
1 27.456854249491016 10.935533905931152 0 0.70710678118630999 -0.70710678118678505 0 0 0 -1 0.70710678118678505 0.70710678118630999 0 
2 29.299999998087287 5.7076118426607536 0 0 0 1 0.70710678118666104 -0.707106781186434 0 0.707106781186434 0.70710678118666104 -0 5.0000000000043361
1 24.299999998085013 5.7076118808993224 0 1 -7.6490269999999999e-09 0 0 0 -1 7.6490269999999999e-09 1 0 
2 26.799999988852505 4.4999999999993179 0 0 0 1 1 -7.6470310000000005e-09 0 7.6470310000000005e-09 1 -0 2.500000000001279
2 26.80000000099767 2.499999999996589 0 0 0 1 -6.0731510000000002e-09 1 0 -1 -6.0731510000000002e-09 0 0.49999999999883499
1 27.300000000997215 2.5000000033310239 0 -1 -6.6661830000000004e-09 0 0 0 1 -6.6661830000000004e-09 1 0 
2 27.799999989997559 4.1499999999996362 0 0 0 1 1.9997514999999996e-08 0.99999999999999978 -0 -0.99999999999999978 1.9997514999999996e-08 0 0.499999999999723
1 27.799999999996317 4.6499999999991823 0 0 1 0 0 -0 1 1 0 -0 
2 29.299999989998469 3.6499999999989541 0 0 0 1 1 0 -0 -0 1 0 1.000000000000334
1 30.299999989997559 3.6499999999989541 0 1 0 0 0 0 -1 -0 1 0 
2 28.799999989997787 1.4999999999997731 0 0 0 1 6.6658380000000004e-09 -1 0 1 6.6658380000000004e-09 -0 1.5000000000000571
1 28.799999999996544 0 0 0 -1 0 0 0 -1 1 0 0 
2 9.9976209999999995e-09 1.4999999999997731 0 0 0 1 -1 0 0 0 -1 0 1.5000000000000571
1 -1.4999999900021519 1.4999999999997731 0 -1 0 0 0 0 1 0 1 -0 
2 -0.49999999000192502 3.6499999999989541 0 0 0 1 0 1 0 -1 0 0 1.000000000000334
1 -0.49999999000192502 4.6499999999991823 0 0 1 0 0 -0 1 1 0 -0 
2 1.0000000099978481 4.1499999999996362 0 0 0 1 1 0 -0 -0 1 0 0.50000000000061096
1 1.5000000099973929 4.1499999999996362 0 1 -6.6661830000000004e-09 0 0 0 -1 6.6661830000000004e-09 1 0 
2 1.9999999989977371 2.499999999996589 0 0 0 1 1 -6.6688699999999999e-09 0 6.6688699999999999e-09 1 -0 0.499999999999723
2 2.0000000111429022 4.4999999999993179 0 0 0 1 6.0722409999999996e-09 1 -0 -1 6.0722409999999996e-09 0 2.500000000001279
1 4.5000000111440386 4.5000000191168974 0 -1 -7.6480850000000007e-09 0 0 0 1 -7.6480850000000007e-09 1 0 
2 -0.49999999809415402 5.7076118426607536 0 0 0 1 -1 -7.6477139999999999e-09 0 7.6477139999999999e-09 -1 0 5.000000000003447
1 3.0355339078403181 9.2431457485940882 0 -0.70710678118678505 -0.70710678118630999 0 0 0 1 -0.70710678118630999 0.70710678118678505 0 
2 -2.1923881554289442 7.3999999999989541 0 0 0 1 -0.70710678118666104 -0.707106781186434 0 0.707106781186434 -0.70710678118666104 0 4.9999999999998934
1 -2.1923881554289442 12.399999999998954 0 0 -1 0 0 0 -1 1 0 0 
2 -9.0076118445767861 7.4000000000000909 0 0 0 1 0 -1 0 1 0 -0 4.9999999999981171
1 -12.543145750508984 10.935533905931152 0 0.70710678118630999 -0.70710678118678505 0 0 0 -1 0.70710678118678505 0.70710678118630999 0 
2 -10.700000001922945 5.7076118426630273 0 0 0 1 0.70710678118586501 -0.70710678118723003 0 0.70710678118723003 0.70710678118586501 -0 4.9999999999927898
1 -15.700000001914987 5.7076118808993224 0 1 -7.6490269999999999e-09 0 0 0 -1 7.6490269999999999e-09 1 0 
2 -13.200000011152042 4.4999999999993179 0 0 0 1 1 -7.6470310000000005e-09 0 7.6470310000000005e-09 1 -0 2.5000000000003899
2 -13.19999999900233 2.499999999996589 0 0 0 1 -6.0731510000000002e-09 1 0 -1 -6.0731510000000002e-09 0 0.499999999999723
1 -12.699999999002785 2.5000000033310239 0 -1 -6.6661830000000004e-09 0 0 0 1 -6.6661830000000004e-09 1 0 
2 -12.200000010002441 4.1499999999996362 0 0 0 1 0 1 0 -1 0 0 0.499999999999723
1 -12.200000010002441 4.6499999999991823 0 1.515824e-12 1 0 0 -0 1 1 -1.515824e-12 -0 
2 -10.700000010001531 3.6499999999989541 0 0 0 1 1 0 -0 -0 1 0 0.999999999999446
1 -9.7000000100024408 3.6499999999989541 0 1 0 0 0 0 -1 -0 1 0 
2 -11.200000010002213 1.4999999999974989 0 0 0 1 0 -1 0 1 0 -0 1.499999999999168
1 -11.200000010002213 0 0 0 -1 0 0 0 -1 1 0 0 
2 -21.600000000005366 3.999999999996362 0 0 0 1 -1 8.5265129999999995e-13 0 -8.5265129999999995e-13 -1 0 3.999999999997784
1 -25.600000000004002 3.9999999999997731 0 -1 -1.093143e-13 0 0 0 1 -1.093143e-13 1 0 
2 -24.100000000000819 14.399999989997241 0 0 0 1 0 1 0 -1 0 0 1.500000000001833
1 -24.100000000000819 15.899999989997013 0 0 1 0 0 -0 1 1 0 -0 
2 -21.950000000001637 14.899999989996786 0 0 0 1 1 0 -0 -0 1 0 0.999999999999446
1 -20.95000000000141 14.899999989996786 0 1 -1.515825e-12 0 0 0 -1 1.515825e-12 1 0 
2 -21.450000000000955 13.399999989997013 0 0 0 1 0 -1 0 1 0 -0 0.49999999999883499
1 -21.450000000000955 12.899999989996331 0 -6.6675610000000004e-09 -1 0 -0 0 -1 1 -6.6675610000000004e-09 -0 
2 -23.100000000004002 12.400000000998261 0 0 0 1 -6.6711440000000002e-09 -1 0 1 -6.6711440000000002e-09 0 0.49999999999794598
2 -21.100000000001273 12.399999988849686 0 0 0 1 1 -6.0736059999999996e-09 0 6.0736059999999996e-09 1 -0 2.4999999999995031
1 -21.099999980883695 9.8999999888496859 0 -7.6480850000000007e-09 1 0 0 0 1 1 7.6480850000000007e-09 -0 
2 -19.892388157337564 14.899999998084468 0 0 0 1 -7.6472590000000004e-09 1 0 -1 -7.6472590000000004e-09 0 4.9999999999972298
1 -16.356854251406503 11.364466092154544 0 -0.70710678118678505 0.70710678118630999 0 0 0 1 0.70710678118630999 0.70710678118678505 -0 
2 -18.200000000001637 16.592388155422668 0 0 0 1 -0.70710678118677506 0.70710678118632009 0 -0.70710678118632009 -0.70710678118677506 0 4.9999999999990052
1 -13.200000000001637 16.592388155422668 0 -1 0 0 0 0 1 0 1 -0 
2 -18.200000000005048 23.407611844572784 0 0 0 1 -1 -2.2737369999999998e-13 0 2.2737369999999998e-13 -1 0 5.0000000000016707
1 -14.664466094069439 26.943145750507256 0 -0.70710678118678505 -0.70710678118630999 0 0 0 1 -0.70710678118630999 0.70710678118678505 0 
2 -19.892388157337564 25.100000001910985 0 0 0 1 -0.70710678118620651 -0.70710678118688852 0 0.70710678118688852 -0.70710678118620651 0 4.9999999999990052
1 -19.89238811910127 30.100000001910985 0 -7.6480850000000007e-09 -1 0 -0 0 -1 1 -7.6480850000000007e-09 -0 
2 -21.099999999999 27.600000011143493 0 0 0 1 -7.6461220000000003e-09 -1 0 1 -7.6461220000000003e-09 0 2.500000000002168
2 -23.100000000000591 27.599999998997191 0 0 0 1 1 6.0731510000000002e-09 -0 -6.0731510000000002e-09 1 0 0.50000000000061096
1 -23.09999999666843 27.099999998996509 0 -6.6675610000000004e-09 1 0 0 0 1 1 6.6675610000000004e-09 -0 
2 -21.450000000000955 26.600000009998439 0 0 0 1 1 0 -0 -0 1 0 0.499999999999723
1 -20.95000000000141 26.600000009998439 0 1 0 0 0 0 -1 -0 1 0 
2 -21.950000000001637 25.100000009998666 0 0 0 1 0 -1 0 1 0 -0 0.999999999999446
1 -21.950000000001637 24.100000009998439 0 -5.2877600000000001e-13 -1 0 -0 0 -1 1 -5.2877600000000001e-13 -0 
2 -24.100000000003092 25.600000009998212 0 0 0 1 -1 0 0 0 -1 0 1.499999999999168
1 -25.600000000004002 25.600000009998212 0 -1 0 0 0 0 1 0 1 -0 
2 -21.600000000003092 36.000000000000227 0 0 0 1 5.6843420000000003e-13 1 -0 -1 5.6843420000000003e-13 0 3.9999999999986708
1 -21.600000000000819 40 0 0 1 0 0 -0 1 1 0 -0 
2 -11.200000010002213 38.499999999996817 0 0 0 1 1 2.2737369999999998e-12 -0 -2.2737369999999998e-12 1 0 1.500000000001833
1 -9.7000000100024408 38.500000000000227 0 1 0 0 0 0 -1 -0 1 0 
2 -10.700000010001531 36.349999999999909 0 0 0 1 0 -1 0 1 0 -0 1.000000000000334
1 -10.700000010001531 35.349999999999682 0 0 -1 0 0 0 -1 1 0 0 
2 -12.200000010002441 35.850000000000364 0 0 0 1 -1 0 0 0 -1 0 0.50000000000061096
1 -12.700000010001986 35.850000000000364 0 -1 6.6661830000000004e-09 0 0 0 1 6.6661830000000004e-09 1 -0 
2 -13.19999999900233 37.5 0 0 0 1 -1 6.6711440000000002e-09 0 -6.6711440000000002e-09 -1 0 0.49999999999883499
2 -13.200000011152042 35.499999999999545 0 0 0 1 -6.0745149999999999e-09 -1 0 1 -6.0745149999999999e-09 0 2.5000000000003899
1 -15.700000011152042 35.499999980879693 0 1 7.6490269999999999e-09 0 0 0 -1 -7.6490269999999999e-09 1 0 
2 -10.700000001916123 34.292388157333562 0 0 0 1 1 7.6472590000000004e-09 -0 -7.6472590000000004e-09 1 0 4.9999999999972298
1 -14.235533907847184 30.756854251402501 0 0.70710678118607251 0.70710678118702253 0 0 0 -1 -0.70710678118702253 0.70710678118607251 0 
2 -9.0076118445790598 32.599999999996498 0 0 0 1 0.70710678118654757 0.70710678118654757 -0 -0.70710678118654757 0.70710678118654757 0 4.9999999999972307
1 -9.0076118445767861 27.599999999999909 0 0 1 0 0 -0 1 1 0 -0 
2 -2.1923881554289442 32.599999999999909 0 0 0 1 0 1 0 -1 0 0 5.0000000000007807
1 1.3431457505043909 29.064466094066574 0 -0.70710678118630999 0.70710678118678505 0 0 0 1 0.70710678118678505 0.70710678118630999 -0 
2 -0.49999999809301698 34.292388157333562 0 0 0 1 -0.70710678118688852 0.70710678118620651 0 -0.70710678118620651 -0.70710678118688852 0 5.0000000000016707
1 4.5000000019081199 34.292388119097268 0 -1 7.6480850000000007e-09 0 0 0 1 7.6480850000000007e-09 1 -0 
