DBRep_DrawableShape

CASCADE Topology V1, (c) Matra-Datavision
Locations 0
Curve2ds 84
1 6.2831853071795862 0 -1 0 
1 6.2831853071795862 0 -1 0 
1 6.2831853071795871 0 -1 0 
1 0 0 1 0 
1 0 0 1 0 
1 0 0 1 0 
1 0 0 1 0 
1 6.2831853071795853 0 -1 0 
1 6.2831853071795862 0 -1 0 
1 6.2831853071795862 0 -1 0 
1 6.2831853071795916 0 -1 0 
1 0 0 1 0 
1 0 0 1 0 
1 0 0 1 0 
1 0 0 1 0 
1 0 0 1 0 
1 6.2831853071795836 0 -1 0 
1 6.2831853071795862 0 -1 0 
1 6.2831853071795853 0 -1 0 
1 6.2831853071795845 0 -1 0 
1 0 0 1 0 
1 0 0 1 0 
1 0 0 1 0 
1 0 0 1 0 
1 6.2831853071795791 0 -1 0 
1 6.2831853071795862 0 -1 0 
1 6.283185307179588 0 -1 0 
1 6.2831853071795907 0 -1 0 
1 0 0 1 0 
1 0 0 1 0 
1 0 0 1 0 
1 0 0 1 0 
1 0 0 1 0 
1 6.2831853071795809 0 -1 0 
1 6.2831853071795862 0 -1 0 
1 6.2831853071795862 0 -1 0 
1 6.2831853071795862 0 -1 0 
1 0 0 1 0 
1 0 0 1 0 
1 0 0 1 0 
1 0 0 1 0 
1 6.28318530717958 0 -1 0 
1 6.2831853071795862 0 -1 0 
1 6.2831853071795862 0 -1 0 
1 6.2831853071795845 0 -1 0 
1 0 0 1 0 
1 0 0 1 0 
1 0 0 1 0 
1 0 0 1 0 
1 0 0 1 0 
1 6.2831853071795871 0 -1 0 
1 6.2831853071795862 0 -1 0 
1 6.2831853071795862 0 -1 0 
1 6.283185307179588 0 -1 0 
1 0 0 1 0 
1 0 0 1 0 
1 0 0 1 0 
1 0 0 1 0 
1 6.2831853071795862 0 -1 0 
1 6.2831853071795862 0 -1 0 
1 6.2831853071795862 0 -1 0 
1 6.2831853071795862 0 -1 0 
1 0 0 1 0 
1 0 0 1 0 
1 0 0 1 0 
1 0 0 1 0 
1 0 0 1 0 
1 6.2831853071795862 0 -1 0 
1 0 0 1 0 
1 0 0 1 0 
1 -1.7763568394002505e-15 0 1 0 
1 -8.8817841970012523e-16 0 1 0 
1 0 0 1 0 
1 -4.4408920985006262e-16 0 1 0 
1 0 0 1 0 
1 0 0 1 0 
1 0 0 1 0 
1 -4.4408920985006262e-16 0 1 0 
1 0 0 1 0 
1 0 0 1 0 
1 0 0 1 0 
1 0 0 1 0 
1 0 0 1 0 
1 0 0 1 0 
Curves 172
2 -10.025000004886806 8.8654328883694689 0 0 0 -1 -0.70710678118806303 0.70710678118503201 0 0.70710678118503201 0.70710678118806303 0 3.000000000003666
1 -7.0250000001624358 11.13456710065293 0 -2.0802110000000001e-09 -1 0 
2 -10.025000000168802 11.134567106892064 0 0 0 -1 -1 2.079711e-09 0 2.079711e-09 1 0 3.0000000000089959
1 -10.243456686073387 15.59566447992438 0 0.70710678118620396 -0.70710678118689108 0 
2 -10.79499997540097 15.044121190596798 0 0 0 -1 -0.70710678118654757 -0.70710678118654757 -0 -0.70710678118654757 0.70710678118654757 0 0.78000000000066905
1 -11.575000762950367 12.87499989106891 0 3.6307307900000003e-07 0.99999999999993405 0 
2 -11.87500076294782 12.874999999987722 0 0 0 1 -7.5791230000000006e-12 -1 0 1 -7.5791230000000006e-12 0 0.29999999999752403
1 -12.575000000008458 12.574999999992542 0 1 0 0 
2 -12.575000000008458 13.374999999987267 0 0 0 1 -1 -2.842171e-12 0 2.842171e-12 -1 0 0.79999999999280602
1 -13.375000000014552 26.624999999985448 0 5.1480830000000003e-13 -1 0 
2 -12.57500000001528 26.624999999996817 0 0 0 1 0 1 0 -1 0 0 0.79999999999280602
1 -11.875000762956915 27.424999999986994 0 -1 0 0 
2 -11.875000762954642 27.124999999996362 0 0 0 1 0.99999999999993416 3.6304754800000006e-07 -0 -3.6304754800000006e-07 0.99999999999993416 0 0.29999999999752403
1 -11.574999975405262 24.955878526193374 0 -3.6307412700000008e-07 0.99999999999993405 0 
2 -10.794999975405517 24.955878809382739 0 0 0 -1 0.99999999999993416 3.6306328900000004e-07 0 3.6306328900000004e-07 -0.99999999999993416 0 0.77999999999889302
1 -7.9036796566106204 26.744112549531565 0 -0.70710678118551695 -0.70710678118757808 0 
2 -10.025000000177897 28.865432893094294 0 0 0 -1 -0.70710678118730508 0.70710678118579007 0 0.70710678118579007 0.70710678118730508 0 3.0000000000089959
1 -7.0250000048940819 31.134567117862844 0 2.0812129999999998e-09 -1 0 
2 -10.025000004898175 31.134567111616889 0 0 0 -1 -1 -2.0819849999999998e-09 -0 -2.0819849999999998e-09 1 0 3.000000000003666
1 -10.243456692130621 35.595664485963425 0 0.70710678118792214 -0.70710678118517301 0 
2 -10.794999981449109 35.04412119664039 0 0 0 -1 -0.70710678118363202 -0.70710678118946302 -0 -0.70710678118946302 0.70710678118363202 0 0.78000000000066905
1 -11.575000762959462 32.874999891905645 0 3.6028793300000008e-07 0.99999999999993505 0 
2 -11.875000762956915 32.874999999987722 0 0 0 1 -7.5791230000000006e-12 -1 0 1 -7.5791230000000006e-12 0 0.29999999999752403
1 -12.575000000017553 32.574999999992542 0 1 0 0 
2 -12.575000000017553 33.374999999996362 0 0 0 1 -1 -1.421085e-11 0 1.421085e-11 -1 0 0.799999999999912
1 -13.375000000019099 37.999999999985903 0 4.9161879999999999e-13 -1 0 
2 -11.375000000018645 37.999999999988177 0 0 0 1 -1.136868e-12 1 0 -1 -1.136868e-12 0 1.999999999998892
1 -6.7500000000200089 39.999999999990905 0 -1 -4.9161879999999999e-13 0 
2 -6.7500000000177351 39.200000000000728 0 0 0 1 1 -8.5265130000000003e-12 0 8.5265130000000003e-12 1 -0 0.79999999999458304
1 -5.9500000000207374 38.500000762933269 0 0 1 0 
2 -6.2500000000181899 38.500000762933269 0 0 0 1 3.6307786400000003e-07 -0.99999999999993416 0 0.99999999999993416 3.6307786400000003e-07 -0 0.29999999999752403
1 -8.4191214738211784 38.199999975388437 0 0.99999999999993405 3.6306993400000006e-07 0 
2 -8.4191211906227181 37.419999975388691 0 0 0 -1 3.6307494900000004e-07 -0.99999999999993416 0 -0.99999999999993416 -3.6307494900000004e-07 -0 0.77999999999889302
1 -6.6308874504784399 34.528679656589247 0 -0.70710678118689108 0.70710678118620407 0 
2 -4.5095671069202581 36.650000000151977 0 0 0 -1 0.70710678118579007 0.70710678118730508 0 0.70710678118730508 -0.70710678118579007 0 3.0000000000036668
1 -2.2404328821471609 33.650000004877256 0 -1 -2.0842190000000002e-09 0 
2 -2.2404328883953899 36.650000004879075 0 0 0 -1 -2.0827429999999999e-09 1 0 1 2.0827429999999999e-09 0 3.0000000000054419
1 2.2206644859534208 36.868456692102427 0 -0.70710678118620407 -0.70710678118689108 0 
2 1.669121196623564 37.419999981432284 0 0 0 -1 -0.70710678118654757 0.70710678118654757 0 0.70710678118654757 0.70710678118654757 0 0.78000000000066905
1 -0.50000010809981199 38.200000762933541 0 0.99999999999993505 -3.6028478900000005e-07 0 
2 -0.50000000002455602 38.500000762928721 0 0 0 1 -1 3.0316490000000001e-11 0 -3.0316490000000001e-11 -1 0 0.29999999999397198
1 -0.80000000002200999 39.19999999999618 0 0 -1 0 
2 -2.5011100000000001e-11 39.199999999998454 0 0 0 1 5.6843419999999999e-12 1 -0 -1 5.6843419999999999e-12 0 0.79999999999813498
1 13.249999999979991 40 0 -1 -5.1480830000000003e-13 0 
2 13.249999999982265 39.200000000005275 0 0 0 1 1 0 -0 -0 1 0 0.79999999999635896
1 14.049999999979264 38.500000762946911 0 0 1 0 
2 13.74999999998181 38.500000762937816 0 0 0 1 3.6029632600000003e-07 -0.99999999999993516 0 0.99999999999993516 3.6029632600000003e-07 -0 0.29999999999397198
1 11.580878522311195 38.199999981436576 0 0.99999999999993505 3.6028688500000003e-07 0 
2 11.580878803338237 37.419999981436831 0 0 0 -1 3.6029107900000005e-07 -0.99999999999993516 0 -0.99999999999993516 -3.6029107900000005e-07 -0 0.78000000000066905
1 13.369112544801283 34.528679661323167 0 -0.70710678118792203 0.70710678118517301 0 
2 15.490432888359464 36.65000000488817 0 0 0 -1 0.70710678118541104 0.707106781187684 0 0.707106781187684 -0.70710678118541104 0 3.000000000005441
1 17.759567100642926 33.650000000161526 0 -1 2.0822149999999999e-09 0 
2 17.759567106882059 36.650000000165619 0 0 0 -1 2.079711e-09 1 0 1 -2.079711e-09 0 3.000000000003666
1 22.220664479912102 36.868456686079298 0 -0.70710678118551706 -0.70710678118757797 0 
2 21.669121190591341 37.419999975402334 0 0 0 -1 -0.70710678118509007 0.70710678118800507 0 0.70710678118800507 0.70710678118509007 0 0.77999999999889302
1 19.499999891061179 38.20000076294491 0 0.99999999999993405 -3.6306993400000006e-07 0 
2 19.499999999979991 38.500000762946911 0 0 0 1 -1 0 0 0 -1 0 0.29999999999752403
1 19.19999999997799 39.200000000007549 0 0 -1 0 
2 19.999999999974989 39.20000000001437 0 0 0 1 5.6843419999999999e-12 1 -0 -1 5.6843419999999999e-12 0 0.79999999999458304
1 24.624999999980446 40.000000000006821 0 -1 -4.9161879999999999e-13 0 
2 24.62499999998272 38.000000000006366 0 0 0 1 1 1.136868e-12 -0 -1.136868e-12 1 0 1.999999999998892
1 26.624999999983174 33.375000000007731 0 -4.9161879999999999e-13 1 0 
2 25.824999999983902 33.375000000005457 0 0 0 1 0 -1 0 1 0 -0 0.79999999999813498
1 25.12500076292099 32.575000000010732 0 1 0 0 
2 25.12500076292099 32.875000000005912 0 0 0 1 -0.99999999999993516 -3.6027358900000003e-07 0 3.6027358900000003e-07 -0.99999999999993516 0 0.299999999995748
1 24.824999981410656 35.044121477683348 0 3.6028793300000008e-07 -0.99999999999993505 0 
2 24.044999981410911 35.044121196651759 0 0 0 -1 -0.99999999999993516 -3.6029690900000003e-07 -0 -3.6029690900000003e-07 0.99999999999993516 0 0.78000000000066905
1 21.153679661306342 33.255887455188713 0 0.70710678118517301 0.70710678118792203 0 
2 23.275000004866797 31.134567111635079 0 0 0 -1 0.707106781187684 -0.70710678118541104 0 -0.70710678118541104 -0.707106781187684 -0 3.000000000003666
1 20.275000000142427 28.865432899349344 0 2.0812129999999998e-09 1 0 
2 23.275000000151067 28.865432893112484 0 0 0 -1 1 -2.0789529999999999e-09 0 -2.0789529999999999e-09 -1 -0 3.0000000000089959
1 23.493456686051104 24.40433552007562 0 -0.70710678118654757 0.70710678118654757 0 
2 24.044999975380961 24.955878809400929 0 0 0 -1 0.70710678118946302 0.70710678118363202 0 0.70710678118363202 -0.70710678118946302 0 0.78000000000066905
1 24.825000762921263 27.125000108928816 0 -3.6306783800000003e-07 -0.99999999999993405 0 
2 25.125000762923264 27.125000000014552 0 0 0 1 0 1 0 -1 0 0 0.29999999999752403
1 25.824999999986176 27.425000000005184 0 -1 0 0 
2 25.824999999995271 26.625000000015007 0 0 0 1 1 -8.5265130000000003e-12 0 8.5265130000000003e-12 1 -0 0.79999999999280602
1 26.624999999992269 13.375000000007731 0 -5.1480830000000003e-13 1 0 
2 25.825000000002092 13.375000000005457 0 0 0 1 -1.1368680000000001e-11 -1 0 1 -1.1368680000000001e-11 0 0.79999999999280602
1 25.125000762930085 12.575000000010732 0 1 0 0 
2 25.125000762930085 12.875000000005912 0 0 0 1 -0.99999999999993416 -3.6306270600000005e-07 0 3.6306270600000005e-07 -0.99999999999993416 0 0.29999999999752403
1 24.824999975387527 15.044121473811174 0 3.6306888600000007e-07 -0.99999999999993405 0 
2 24.044999975385508 15.044121190614987 0 0 0 -1 -0.99999999999993416 -3.6307203400000005e-07 -0 -3.6307203400000005e-07 0.99999999999993416 0 0.77999999999889302
1 21.153679656588338 13.255887450466162 0 0.70710678118517301 0.70710678118792203 0 
2 23.275000000166983 11.134567106903432 0 0 0 -1 0.70710678118920001 -0.70710678118389503 0 -0.70710678118389503 -0.70710678118920001 -0 3.0000000000161009
1 20.275000004876347 8.8654328821439776 0 -2.0822149999999999e-09 1 0 
2 23.275000004878166 8.8654328883876587 0 0 0 -1 1 2.0812270000000001e-09 0 2.0812270000000001e-09 -1 0 3.000000000003666
1 23.493456692103791 4.4043355140365748 0 -0.70710678118586001 0.70710678118723513 0 
2 24.044999981426827 4.9558788033641576 0 0 0 -1 0.70710678118363202 0.70710678118946302 0 0.70710678118946302 -0.70710678118363202 0 0.78000000000244496
1 24.825000762932632 7.1250001080989023 0 -3.6028478900000005e-07 -0.99999999999993505 0 
2 25.125000762934633 7.1250000000145519 0 0 0 1 0 1 0 -1 0 0 0.299999999995748
1 25.824999999997544 7.4250000000051841 0 -1 0 0 
2 25.824999999997544 6.6250000000059117 0 0 0 1 1 2.842171e-12 -0 -2.842171e-12 1 0 0.79999999999813498
1 26.624999999999091 2.0000000000095501 0 -4.9161879999999999e-13 1 0 
2 24.625000000000909 2.000000000007276 0 0 0 1 0 -1 0 1 0 -0 1.999999999998892
1 20 4.5474739999999997e-12 0 1 4.9161879999999999e-13 0 
2 19.999999999995453 0.80000000000381999 0 0 0 1 -1 0 0 0 -1 0 0.79999999999458304
1 19.199999999998454 1.499999237069005 0 0 -1 0 
2 19.500000000000455 1.4999992370712789 0 0 0 1 -3.6307028500000006e-07 0.99999999999993416 0 -0.99999999999993416 -3.6307028500000006e-07 0 0.29999999999752403
1 21.669121473801169 1.800000024613837 0 -0.99999999999993405 -3.6306993400000006e-07 0 
2 21.66912119060953 2.5800000246135819 0 0 0 -1 -3.6306620400000003e-07 0.99999999999993416 0 0.99999999999993416 3.6306620400000003e-07 0 0.77999999999889302
1 19.880887450458431 5.4713203434107527 0 0.70710678118654802 -0.70710678118654702 0 
2 17.759567106897975 3.3499999998457501 0 0 0 -1 -0.70710678118579007 -0.70710678118730508 -0 -0.70710678118730508 0.70710678118579007 0 3.000000000003666
1 15.490432882127152 6.3499999951227437 0 1 2.083217e-09 0 
2 15.490432888375381 3.3499999951209252 0 0 0 -1 2.0827429999999999e-09 -1 0 -1 -2.0827429999999999e-09 -0 3.0000000000054419
1 11.029335514024297 3.1315433078952992 0 0.70710678118654757 0.70710678118654757 0 
2 11.580878803356427 2.5800000185699901 0 0 0 -1 0.70710678119092008 -0.70710678118217507 0 -0.70710678118217507 -0.70710678119092008 -0 0.78000000000066905
1 13.750000108088898 1.7999992370687321 0 -0.99999999999993505 3.6028478900000005e-07 0 
2 13.750000000002274 1.4999992370712789 0 0 0 1 1 -2.2737370000000001e-11 0 2.2737370000000001e-11 1 -0 0.29999999999397198
1 14.049999999999727 0.80000000000154603 0 0 1 0 
2 13.250000000002728 0.79999999999927196 0 0 0 1 -2.842171e-12 -1 0 1 -2.842171e-12 0 0.79999999999813498
1 0 0 0 1 0 0 
2 -4.5474739999999997e-12 0.79999999999245097 0 0 0 1 -1 0 0 0 -1 0 0.79999999999635896
1 -0.80000000000154603 1.499999237055363 0 0 -1 0 
2 -0.50000000000409295 1.499999237062184 0 0 0 1 -3.6025843000000005e-07 0.99999999999993516 0 -0.99999999999993516 -3.6025843000000005e-07 0 0.29999999999397198
1 1.669121477666522 1.800000018565697 0 -0.99999999999993505 -3.6028688500000003e-07 0 
2 1.6691211966417541 2.580000018565443 0 0 0 -1 -3.6028816400000007e-07 0.99999999999993516 0 0.99999999999993516 3.6028816400000007e-07 0 0.78000000000066905
1 -0.11911254481674401 5.4713203386791074 0 0.70710678118620407 -0.70710678118689108 0 
2 -2.2404328883794729 3.3499999951118302 0 0 0 -1 -0.70710678118578951 -0.70710678118730552 -0 -0.70710678118730552 0.70710678118578951 0 3.000000000005441
1 -4.5095671006652083 6.3499999998362 0 1 -2.0812129999999998e-09 0 
2 -4.5095671069043419 3.3499999998321068 0 0 0 -1 -2.079711e-09 -1 -0 -1 2.079711e-09 0 3.000000000003666
1 -8.9706644799366586 3.1315433139229749 0 0.70710678118654757 0.70710678118654757 0 
2 -8.4191211906045282 2.5800000245999399 0 0 0 -1 0.70710678119237802 -0.70710678118071701 0 -0.70710678118071701 -0.70710678119237802 -0 0.77999999999889302
1 -6.2499998910766408 1.7999992370573641 0 -0.99999999999993405 3.6306993400000006e-07 0 
2 -6.2499999999977263 1.4999992370576369 0 0 0 1 1 -7.5791230000000006e-12 0 7.5791230000000006e-12 1 -0 0.29999999999752403
1 -5.9500000000002728 0.79999999999017701 0 0 1 0 
2 -6.7499999999972724 0.79999999999017701 0 0 0 1 -2.842171e-12 -1 0 1 -2.842171e-12 0 0.79999999999458304
1 -11.375000000000455 -1.1368680000000001e-11 0 1 4.9161879999999999e-13 0 
2 -11.375000000000455 1.9999999999890861 0 0 0 1 -1 -1.136868e-12 0 1.136868e-12 -1 0 1.999999999998892
1 -13.375000000003183 6.6249999999854481 0 4.9161879999999999e-13 -1 0 
2 -12.575000000003911 6.6249999999877218 0 0 0 1 0 1 0 -1 0 0 0.799999999999912
1 -11.875000762945547 7.4249999999869942 0 -1 0 0 
2 -11.875000762943273 7.124999999996362 0 0 0 1 0.99999999999993516 3.6028116800000005e-07 -0 -3.6028116800000005e-07 0.99999999999993516 0 0.29999999999752403
1 -11.574999981435212 4.9558785223234736 0 -3.6028898200000007e-07 0.99999999999993505 0 
2 -10.794999981433193 4.9558788033414203 0 0 0 -1 0.99999999999993516 3.6027941900000006e-07 0 3.6027941900000006e-07 -0.99999999999993516 0 0.77999999999889302
1 -7.9036796613195293 6.7441125448112871 0 -0.70710678118689108 -0.70710678118620407 0 
2 17.759567111611432 23.349999995123198 0 0 0 1 -0.70710678118541104 -0.707106781187684 0 0.707106781187684 -0.70710678118541104 0 3.0000000000054419
1 17.759567117855113 26.349999995131842 0 -1 -6.4517559999999998e-10 0 
1 14.474999995109101 26.349999993012716 0 -0.70710678192344401 0.70710678044965103 0 
1 12.974999995108192 27.849999989887237 0 -6.9224850000000005e-13 1 0 
2 9.9749999951018253 31.134567111628257 0 0 0 1 -1 -2.0812270000000001e-09 0 2.0812270000000001e-09 -1 0 3.000000000003666
1 12.09632033866683 33.255887455184165 0 -0.70710678275683092 0.707106779616264 0 
2 6.624999981968358 35.898780669117514 0 0 0 1 -0.70710678118541104 -0.707106781187684 0 0.707106781187684 -0.70710678118541104 0 2.0000000000024438
1 5.21078641959775 37.312994231492667 0 -0.70710677961606605 -0.70710678275702898 0 
2 3.2750000048667971 31.13456711162371 0 0 0 1 0.70710678118730508 -0.70710678118579007 0 0.70710678118579007 0.70710678118730508 -0 3.0000000000036668
1 0.275000004864978 31.134567117867391 0 6.9224850000000005e-13 -1 0 
1 0.27500000486725101 27.84999998988269 0 -0.70710678192237197 -0.70710678045072295 0 
1 -1.2249999951336581 26.349999993003621 0 -1 2.0802070000000001e-09 0 
2 -4.5095670940622767 23.349999968811517 0 0 0 1 2.2047669999999999e-09 -1 0 1 2.2047669999999999e-09 -0 3.0000000310241859
1 -6.6308874551987191 25.471320338676833 0 -0.707106782756038 -0.70710677961705704 0 
2 -9.2737806691297919 20.000000018007995 0 0 0 1 0.70710678118938952 -0.70710678118370551 0 0.70710678118370551 0.70710678118938952 -0 2.0000000000024438
1 -10.687994231507219 18.585786455630569 0 0.70710677961765112 -0.70710678275544403 0 
2 -4.5095671116314406 16.650000004876802 0 0 0 1 0.70710678118579007 0.70710678118730508 -0 -0.70710678118730508 0.70710678118579007 0 3.0000000000054419
1 -4.5095671178773964 13.650000004874983 0 1 6.4309890000000004e-10 0 
1 -1.2249999898926951 13.650000006987284 0 0.70710678118708303 -0.707106781186012 0 
1 0.275000006986375 12.150000010110489 0 -2.0808989999999998e-09 -1 0 
2 3.2750000311762051 8.8654329059500014 0 0 0 1 1 2.2032510000000001e-09 -0 -2.2032510000000001e-09 1 0 3.0000000310259618
1 1.153679661319984 6.7441125448158354 0 0.70710677961705692 -0.707106782756038 0 
2 6.6249999819842742 4.1012193308824862 0 0 0 1 0.70710678118541104 0.707106781187684 -0 -0.707106781187684 0.70710678118541104 0 2.0000000000024438
1 8.0392135443571551 2.687005768509608 0 0.70710678275623595 0.70710677961685897 0 
2 9.974999995113194 8.8654328883808375 0 0 0 1 -0.707106781187684 0.70710678118541104 0 -0.70710678118541104 -0.707106781187684 0 3.0000000000036668
1 12.974999995117289 8.8654328821394301 0 -6.4448339999999998e-10 1 0 
1 12.97499999300044 12.150000010115034 0 0.707106781186011 0.70710678118708403 0 
1 14.474999989879507 13.650000006996379 0 1 -2.0808989999999998e-09 0 
2 17.759567094046815 16.65000003118621 0 0 0 1 -2.2017349999999999e-09 1 0 -1 -2.2017349999999999e-09 0 3.0000000310241859
1 19.880887455178708 14.528679661325443 0 0.70710678275564209 0.70710677961745305 0 
2 22.523780669105236 19.999999981996552 0 0 0 1 -0.70710678118654757 0.70710678118654757 0 -0.70710678118654757 -0.70710678118654757 0 2.0000000000024438
1 23.937994231478115 21.414213544367158 0 -0.70710677961646295 0.70710678275663197 0 
2 -3.375000000005457 9.9999999999931788 0 0 0 1 -1 0 0 0 -1 0 2.1500000000003179
2 -3.3750000000168261 29.999999999993179 0 0 0 1 -1 0 0 0 -1 0 2.1500000000003179
2 16.624999999994543 10.000000000002274 0 0 0 1 -1 0 0 0 -1 0 2.1500000000003179
2 16.624999999983174 30.000000000002274 0 0 0 1 -1 0 0 0 -1 0 2.1500000000003179
Polygon3D 0
PolygonOnTriangulations 0
Surfaces 173
1 6.6249999999915756 19.999999999999627 0 0 0 1 1 0 -0 -0 1 0 
2 -10.025000004886806 8.8654328883694689 0 0 0 1 -0.70710678118806303 0.70710678118503201 0 -0.70710678118503201 -0.70710678118806303 0 3.000000000003666
1 -7.0250000048827133 8.8654328821303352 0 -1 2.0802110000000001e-09 0 0 0 1 2.0802110000000001e-09 1 -0 
2 -10.025000000168802 11.134567106892064 0 0 0 1 -1 2.079711e-09 0 -2.079711e-09 -1 0 3.0000000000089959
1 -7.9036796566037992 13.255887450452519 0 -0.70710678118689108 -0.70710678118620407 0 0 0 1 -0.70710678118620407 0.70710678118689108 0 
2 -10.79499997540097 15.044121190596798 0 0 0 1 -0.70710678118654757 -0.70710678118654757 0 0.70710678118654757 -0.70710678118654757 0 0.78000000000066905
1 -11.574999975400715 15.044121473792984 0 0.99999999999993416 -3.6307307900000003e-07 0 0 0 -1 3.6307307900000003e-07 0.99999999999993416 0 
2 -11.87500076294782 12.874999999987722 0 0 0 1 -7.5791230000000006e-12 -1 0 1 -7.5791230000000006e-12 0 0.29999999999752403
1 -11.875000762950094 12.574999999992542 0 0 -1 0 0 0 -1 1 0 0 
2 -12.575000000008458 13.374999999987267 0 0 0 1 -1 -2.842171e-12 0 2.842171e-12 -1 0 0.79999999999280602
1 -13.375000000007731 13.374999999984993 0 -1 -5.1480830000000003e-13 0 0 0 1 -5.1480830000000003e-13 1 0 
2 -12.57500000001528 26.624999999996817 0 0 0 1 0 1 0 -1 0 0 0.79999999999280602
1 -12.57500000001528 27.424999999986994 0 0 1 0 0 -0 1 1 0 -0 
2 -11.875000762954642 27.124999999996362 0 0 0 1 0.99999999999993416 3.6304754800000006e-07 -0 -3.6304754800000006e-07 0.99999999999993416 0 0.29999999999752403
1 -11.575000762957188 27.125000108910626 0 0.99999999999993416 3.6307412700000008e-07 0 0 0 -1 -3.6307412700000008e-07 0.99999999999993416 0 
2 -10.794999975405517 24.955878809382739 0 0 0 1 0.99999999999993416 3.6306328900000004e-07 -0 -3.6306328900000004e-07 0.99999999999993416 0 0.77999999999889302
1 -10.243456686077934 24.40433552005743 0 -0.70710678118757808 0.70710678118551706 0 0 0 1 0.70710678118551706 0.70710678118757808 -0 
2 -10.025000000177897 28.865432893094294 0 0 0 1 -0.70710678118730508 0.70710678118579007 0 -0.70710678118579007 -0.70710678118730508 0 3.0000000000089959
1 -7.0250000001715307 28.865432899335701 0 -1 -2.0812129999999998e-09 0 0 0 1 -2.0812129999999998e-09 1 0 
2 -10.025000004898175 31.134567111616889 0 0 0 1 -1 -2.0819849999999998e-09 0 2.0819849999999998e-09 -1 0 3.000000000003666
1 -7.9036796613331717 33.25588745517507 0 -0.70710678118517301 -0.70710678118792203 0 0 0 1 -0.70710678118792203 0.70710678118517301 0 
2 -10.794999981449109 35.04412119664039 0 0 0 1 -0.70710678118363202 -0.70710678118946302 0 0.70710678118946302 -0.70710678118363202 0 0.78000000000066905
1 -11.574999981451128 35.044121477665158 0 0.99999999999993516 -3.6028793300000008e-07 0 0 0 -1 3.6028793300000008e-07 0.99999999999993516 0 
2 -11.875000762956915 32.874999999987722 0 0 0 1 -7.5791230000000006e-12 -1 0 1 -7.5791230000000006e-12 0 0.29999999999752403
1 -11.875000762959189 32.574999999992542 0 0 -1 0 0 0 -1 1 0 0 
2 -12.575000000017553 33.374999999996362 0 0 0 1 -1 -1.421085e-11 0 1.421085e-11 -1 0 0.799999999999912
1 -13.375000000016826 33.374999999984993 0 -1 -4.9161879999999999e-13 0 0 0 1 -4.9161879999999999e-13 1 0 
2 -11.375000000018645 37.999999999988177 0 0 0 1 -1.136868e-12 1 0 -1 -1.136868e-12 0 1.999999999998892
1 -11.375000000020918 39.999999999988631 0 -4.9161879999999999e-13 1 0 0 0 1 1 4.9161879999999999e-13 -0 
2 -6.7500000000177351 39.200000000000728 0 0 0 1 1 -8.5265130000000003e-12 0 8.5265130000000003e-12 1 -0 0.79999999999458304
1 -5.9500000000207374 39.199999999993906 0 1 0 0 0 0 -1 -0 1 0 
2 -6.2500000000181899 38.500000762933269 0 0 0 1 3.6307786400000003e-07 -0.99999999999993416 0 0.99999999999993416 3.6307786400000003e-07 -0 0.29999999999752403
1 -6.2499998910948307 38.200000762931268 0 3.6306993400000006e-07 -0.99999999999993416 0 0 0 -1 0.99999999999993416 3.6306993400000006e-07 0 
2 -8.4191211906227181 37.419999975388691 0 0 0 1 3.6307494900000004e-07 -0.99999999999993416 0 0.99999999999993416 3.6307494900000004e-07 -0 0.77999999999889302
1 -8.9706644799525748 36.868456686061108 0 0.70710678118620407 0.70710678118689108 0 0 0 -1 -0.70710678118689108 0.70710678118620407 0 
2 -4.5095671069202581 36.650000000151977 0 0 0 1 0.70710678118579007 0.70710678118730508 -0 -0.70710678118730508 0.70710678118579007 0 3.0000000000036668
1 -4.5095671006788507 33.650000000147884 0 -2.0842190000000002e-09 1 0 0 0 1 1 2.0842190000000002e-09 -0 
2 -2.2404328883953899 36.650000004879075 0 0 0 1 -2.0827429999999999e-09 1 0 -1 -2.0827429999999999e-09 0 3.0000000000054419
1 -0.11911254483266 34.528679661314072 0 -0.70710678118689108 0.70710678118620407 0 0 0 1 0.70710678118620407 0.70710678118689108 -0 
2 1.669121196623564 37.419999981432284 0 0 0 1 -0.70710678118654757 0.70710678118654757 0 -0.70710678118654757 -0.70710678118654757 0 0.78000000000066905
1 1.6691214776483321 38.199999981432029 0 -3.6028478900000005e-07 -0.99999999999993516 0 -0 0 -1 0.99999999999993516 -3.6028478900000005e-07 -0 
2 -0.50000000002455602 38.500000762928721 0 0 0 1 -1 3.0316490000000001e-11 0 -3.0316490000000001e-11 -1 0 0.29999999999397198
1 -0.80000000002200999 38.500000762937816 0 -1 0 0 0 0 1 0 1 -0 
2 -2.5011100000000001e-11 39.199999999998454 0 0 0 1 5.6843419999999999e-12 1 -0 -1 5.6843419999999999e-12 0 0.79999999999813498
1 -2.0463630000000001e-11 39.999999999993179 0 -5.1480830000000003e-13 1 0 0 0 1 1 5.1480830000000003e-13 -0 
2 13.249999999982265 39.200000000005275 0 0 0 1 1 0 -0 -0 1 0 0.79999999999635896
1 14.049999999979264 39.200000000005275 0 1 0 0 0 0 -1 -0 1 0 
2 13.74999999998181 38.500000762937816 0 0 0 1 3.6029632600000003e-07 -0.99999999999993516 0 0.99999999999993516 3.6029632600000003e-07 -0 0.29999999999397198
1 13.750000108070708 38.200000762942636 0 3.6028688500000003e-07 -0.99999999999993516 0 0 0 -1 0.99999999999993516 3.6028688500000003e-07 0 
2 11.580878803338237 37.419999981436831 0 0 0 1 3.6029107900000005e-07 -0.99999999999993516 0 0.99999999999993516 3.6029107900000005e-07 -0 0.78000000000066905
1 11.02933551400838 36.868456692106975 0 0.70710678118517301 0.70710678118792203 0 0 0 -1 -0.70710678118792203 0.70710678118517301 0 
2 15.490432888359464 36.65000000488817 0 0 0 1 0.70710678118541104 0.707106781187684 -0 -0.707106781187684 0.70710678118541104 0 3.000000000005441
1 15.49043288211351 33.650000004886351 0 2.0822149999999999e-09 1 0 0 -0 1 1 -2.0822149999999999e-09 -0 
2 17.759567106882059 36.650000000165619 0 0 0 1 2.079711e-09 1 -0 -1 2.079711e-09 0 3.000000000003666
1 19.880887450442515 34.52867965660289 0 -0.70710678118757808 0.70710678118551706 0 0 0 1 0.70710678118551706 0.70710678118757808 -0 
2 21.669121190591341 37.419999975402334 0 0 0 1 -0.70710678118509007 0.70710678118800507 0 -0.70710678118800507 -0.70710678118509007 0 0.77999999999889302
1 21.66912147378298 38.199999975402079 0 -3.6306993400000006e-07 -0.99999999999993416 0 -0 0 -1 0.99999999999993416 -3.6306993400000006e-07 -0 
2 19.499999999979991 38.500000762946911 0 0 0 1 -1 0 0 0 -1 0 0.29999999999752403
1 19.19999999997799 38.500000762946911 0 -1 0 0 0 0 1 0 1 -0 
2 19.999999999974989 39.20000000001437 0 0 0 1 5.6843419999999999e-12 1 -0 -1 5.6843419999999999e-12 0 0.79999999999458304
1 19.999999999979536 40.000000000004547 0 -4.9161879999999999e-13 1 0 0 0 1 1 4.9161879999999999e-13 -0 
2 24.62499999998272 38.000000000006366 0 0 0 1 1 1.136868e-12 -0 -1.136868e-12 1 0 1.999999999998892
1 26.624999999980901 38.00000000000864 0 1 4.9161879999999999e-13 0 0 0 -1 -4.9161879999999999e-13 1 0 
2 25.824999999983902 33.375000000005457 0 0 0 1 0 -1 0 1 0 -0 0.79999999999813498
1 25.824999999983902 32.575000000010732 0 0 -1 0 0 0 -1 1 0 0 
2 25.12500076292099 32.875000000005912 0 0 0 1 -0.99999999999993516 -3.6027358900000003e-07 0 3.6027358900000003e-07 -0.99999999999993516 0 0.299999999995748
1 24.825000762918989 32.874999891923835 0 -0.99999999999993516 -3.6028793300000008e-07 0 0 0 1 -3.6028793300000008e-07 0.99999999999993516 0 
2 24.044999981410911 35.044121196651759 0 0 0 1 -0.99999999999993516 -3.6029690900000003e-07 0 3.6029690900000003e-07 -0.99999999999993516 0 0.78000000000066905
1 23.493456692090149 35.595664485981615 0 0.70710678118792203 -0.70710678118517301 0 0 0 -1 0.70710678118517301 0.70710678118792203 0 
2 23.275000004866797 31.134567111635079 0 0 0 1 0.707106781187684 -0.70710678118541104 0 0.70710678118541104 0.707106781187684 -0 3.000000000003666
1 20.275000004864978 31.134567117876486 0 1 -2.0812129999999998e-09 0 0 0 -1 2.0812129999999998e-09 1 0 
2 23.275000000151067 28.865432893112484 0 0 0 1 1 -2.0789529999999999e-09 0 2.0789529999999999e-09 1 -0 3.0000000000089959
1 21.153679656581517 26.744112549545207 0 0.70710678118654757 0.70710678118654757 0 0 0 -1 -0.70710678118654757 0.70710678118654757 0 
2 24.044999975380961 24.955878809400929 0 0 0 1 0.70710678118946302 0.70710678118363202 -0 -0.70710678118363202 0.70710678118946302 0 0.78000000000066905
1 24.82499997538298 24.955878526211563 0 -0.99999999999993416 3.6306783800000003e-07 0 0 0 1 3.6306783800000003e-07 0.99999999999993416 -0 
2 25.125000762923264 27.125000000014552 0 0 0 1 0 1 0 -1 0 0 0.29999999999752403
1 25.125000762923264 27.425000000005184 0 0 1 0 0 -0 1 1 0 -0 
2 25.824999999995271 26.625000000015007 0 0 0 1 1 -8.5265130000000003e-12 0 8.5265130000000003e-12 1 -0 0.79999999999280602
1 26.624999999985448 26.625000000008185 0 1 5.1480830000000003e-13 0 0 0 -1 -5.1480830000000003e-13 1 0 
2 25.825000000002092 13.375000000005457 0 0 0 1 -1.1368680000000001e-11 -1 0 1 -1.1368680000000001e-11 0 0.79999999999280602
1 25.824999999992997 12.575000000010732 0 0 -1 0 0 0 -1 1 0 0 
2 25.125000762930085 12.875000000005912 0 0 0 1 -0.99999999999993416 -3.6306270600000005e-07 0 3.6306270600000005e-07 -0.99999999999993416 0 0.29999999999752403
1 24.825000762928084 12.8749998910871 0 -0.99999999999993416 -3.6306888600000007e-07 0 0 0 1 -3.6306888600000007e-07 0.99999999999993416 0 
2 24.044999975385508 15.044121190614987 0 0 0 1 -0.99999999999993416 -3.6307203400000005e-07 0 3.6307203400000005e-07 -0.99999999999993416 0 0.77999999999889302
1 23.493456686055652 15.59566447994257 0 0.70710678118792203 -0.70710678118517301 0 0 0 -1 0.70710678118517301 0.70710678118792203 0 
2 23.275000000166983 11.134567106903432 0 0 0 1 0.70710678118920001 -0.70710678118389503 0 0.70710678118389503 0.70710678118920001 -0 3.0000000000161009
1 20.275000000151522 11.134567100666573 0 1 2.0822149999999999e-09 0 0 0 -1 -2.0822149999999999e-09 1 0 
2 23.275000004878166 8.8654328883876587 0 0 0 1 1 2.0812270000000001e-09 -0 -2.0812270000000001e-09 1 0 3.000000000003666
1 21.153679661319984 6.7441125448249304 0 0.70710678118723502 0.70710678118586001 0 0 0 -1 -0.70710678118586001 0.70710678118723502 0 
2 24.044999981426827 4.9558788033641576 0 0 0 1 0.70710678118363202 0.70710678118946302 -0 -0.70710678118946302 0.70710678118363202 0 0.78000000000244496
1 24.82499998143112 4.9558785223416644 0 -0.99999999999993516 3.6028478900000005e-07 0 0 0 1 3.6028478900000005e-07 0.99999999999993516 -0 
2 25.125000762934633 7.1250000000145519 0 0 0 1 0 1 0 -1 0 0 0.299999999995748
1 25.125000762934633 7.4250000000051841 0 0 1 0 0 -0 1 1 0 -0 
2 25.824999999997544 6.6250000000059117 0 0 0 1 1 2.842171e-12 -0 -2.842171e-12 1 0 0.79999999999813498
1 26.624999999996817 6.6250000000081863 0 1 4.9161879999999999e-13 0 0 0 -1 -4.9161879999999999e-13 1 0 
2 24.625000000000909 2.000000000007276 0 0 0 1 0 -1 0 1 0 -0 1.999999999998892
1 24.625000000000909 6.8212100000000002e-12 0 4.9161879999999999e-13 -1 0 0 0 -1 1 4.9161879999999999e-13 0 
2 19.999999999995453 0.80000000000381999 0 0 0 1 -1 0 0 0 -1 0 0.79999999999458304
1 19.199999999998454 0.80000000000381999 0 -1 0 0 0 0 1 0 1 -0 
2 19.500000000000455 1.4999992370712789 0 0 0 1 -3.6307028500000006e-07 0.99999999999993416 0 -0.99999999999993416 -3.6307028500000006e-07 0 0.29999999999752403
1 19.499999891079369 1.7999992370710061 0 -3.6306993400000006e-07 0.99999999999993416 0 0 0 1 0.99999999999993416 3.6306993400000006e-07 -0 
2 21.66912119060953 2.5800000246135819 0 0 0 1 -3.6306620400000003e-07 0.99999999999993416 0 -0.99999999999993416 -3.6306620400000003e-07 0 0.77999999999889302
1 22.220664479928018 3.1315433139411648 0 -0.70710678118654757 -0.70710678118654757 0 0 0 1 -0.70710678118654757 0.70710678118654757 0 
2 17.759567106897975 3.3499999998457501 0 0 0 1 -0.70710678118579007 -0.70710678118730508 0 0.70710678118730508 -0.70710678118579007 0 3.000000000003666
1 17.759567100656568 6.3499999998498424 0 2.083217e-09 -1 0 0 0 -1 1 2.083217e-09 0 
2 15.490432888375381 3.3499999951209252 0 0 0 1 2.0827429999999999e-09 -1 0 1 2.0827429999999999e-09 -0 3.0000000000054419
1 13.369112544817199 5.4713203386882006 0 0.70710678118654757 -0.70710678118654757 0 0 0 -1 0.70710678118654757 0.70710678118654757 0 
2 11.580878803356427 2.5800000185699901 0 0 0 1 0.70710678119092008 -0.70710678118217507 0 0.70710678118217507 0.70710678119092008 -0 0.78000000000066905
1 11.580878522329385 1.8000000185702449 0 3.6028478900000005e-07 0.99999999999993516 0 0 -0 1 0.99999999999993516 -3.6028478900000005e-07 -0 
2 13.750000000002274 1.4999992370712789 0 0 0 1 1 -2.2737370000000001e-11 0 2.2737370000000001e-11 1 -0 0.29999999999397198
1 14.049999999999727 1.4999992370644579 0 1 0 0 0 0 -1 -0 1 0 
2 13.250000000002728 0.79999999999927196 0 0 0 1 -2.842171e-12 -1 0 1 -2.842171e-12 0 0.79999999999813498
1 13.250000000000455 0 0 0 -1 0 0 0 -1 1 0 0 
2 -4.5474739999999997e-12 0.79999999999245097 0 0 0 1 -1 0 0 0 -1 0 0.79999999999635896
1 -0.80000000000154603 0.79999999999245097 0 -1 0 0 0 0 1 0 1 -0 
2 -0.50000000000409295 1.499999237062184 0 0 0 1 -3.6025843000000005e-07 0.99999999999993516 0 -0.99999999999993516 -3.6025843000000005e-07 0 0.29999999999397198
1 -0.50000010808162199 1.7999992370596369 0 -3.6028688500000003e-07 0.99999999999993516 0 0 0 1 0.99999999999993516 3.6028688500000003e-07 -0 
2 1.6691211966417541 2.580000018565443 0 0 0 1 -3.6028816400000007e-07 0.99999999999993516 0 -0.99999999999993516 -3.6028816400000007e-07 0 0.78000000000066905
1 2.220664485969337 3.1315433078907522 0 -0.70710678118689108 -0.70710678118620407 0 0 0 1 -0.70710678118620407 0.70710678118689108 0 
2 -2.2404328883794729 3.3499999951118302 0 0 0 1 -0.70710678118578951 -0.70710678118730552 0 0.70710678118730552 -0.70710678118578951 0 3.000000000005441
1 -2.240432882133518 6.3499999951136488 0 -2.0812129999999998e-09 -1 0 -0 0 -1 1 -2.0812129999999998e-09 -0 
2 -4.5095671069043419 3.3499999998321068 0 0 0 1 -2.079711e-09 -1 0 1 -2.079711e-09 0 3.000000000003666
1 -6.6308874504625237 5.4713203433971103 0 0.70710678118654757 -0.70710678118654757 0 0 0 -1 0.70710678118654757 0.70710678118654757 0 
2 -8.4191211906045282 2.5800000245999399 0 0 0 1 0.70710678119237802 -0.70710678118071701 0 0.70710678118071701 0.70710678119237802 -0 0.77999999999889302
1 -8.4191214738029885 1.800000024600195 0 3.6306993400000006e-07 0.99999999999993416 0 0 -0 1 0.99999999999993416 -3.6306993400000006e-07 -0 
2 -6.2499999999977263 1.4999992370576369 0 0 0 1 1 -7.5791230000000006e-12 0 7.5791230000000006e-12 1 -0 0.29999999999752403
1 -5.9500000000002728 1.499999237055363 0 1 0 0 0 0 -1 -0 1 0 
2 -6.7499999999972724 0.79999999999017701 0 0 0 1 -2.842171e-12 -1 0 1 -2.842171e-12 0 0.79999999999458304
1 -6.7499999999995453 -9.0949470000000004e-12 0 4.9161879999999999e-13 -1 0 0 0 -1 1 4.9161879999999999e-13 0 
2 -11.375000000000455 1.9999999999890861 0 0 0 1 -1 -1.136868e-12 0 1.136868e-12 -1 0 1.999999999998892
1 -13.375000000000909 1.9999999999868121 0 -1 -4.9161879999999999e-13 0 0 0 1 -4.9161879999999999e-13 1 0 
2 -12.575000000003911 6.6249999999877218 0 0 0 1 0 1 0 -1 0 0 0.799999999999912
1 -12.575000000003911 7.4249999999869942 0 0 1 0 0 -0 1 1 0 -0 
2 -11.875000762943273 7.124999999996362 0 0 0 1 0.99999999999993516 3.6028116800000005e-07 -0 -3.6028116800000005e-07 0.99999999999993516 0 0.29999999999752502
1 -11.57500076294582 7.1250001080807124 0 0.99999999999993516 3.6028898200000007e-07 0 0 0 -1 -3.6028898200000007e-07 0.99999999999993516 0 
2 -10.794999981433193 4.9558788033414203 0 0 0 1 0.99999999999993516 3.6027941900000006e-07 -0 -3.6027941900000006e-07 0.99999999999993516 0 0.77999999999889302
1 -10.243456692114705 4.4043355140183849 0 -0.70710678118620407 0.70710678118689108 0 0 0 1 0.70710678118689108 0.70710678118620407 -0 
2 17.759567111611432 23.349999995123198 0 0 0 1 -0.70710678118541104 -0.707106781187684 0 0.707106781187684 -0.70710678118541104 0 3.0000000000054419
1 14.474999995109101 26.349999993012716 0 -6.4517559999999998e-10 1 0 0 0 1 1 6.4517559999999998e-10 -0 
1 12.974999995108192 27.849999989887237 0 0.70710678044965103 0.70710678192344401 0 0 0 -1 -0.70710678192344401 0.70710678044965103 0 
1 12.974999995105918 31.134567117871939 0 1 6.9224850000000005e-13 0 0 0 -1 -6.9224850000000005e-13 1 0 
2 9.9749999951018253 31.134567111628257 0 0 0 1 -1 -2.0812270000000001e-09 0 2.0812270000000001e-09 -1 0 3.000000000003666
1 8.0392135443389634 37.312994231492667 0 0.707106779616264 0.70710678275683103 0 0 0 -1 -0.70710678275683103 0.707106779616264 0 
2 6.624999981968358 35.898780669117514 0 0 0 1 -0.70710678118541104 -0.707106781187684 0 0.707106781187684 -0.70710678118541104 0 2.0000000000024438
1 1.153679661306342 33.255887455179618 0 -0.70710678275702898 0.70710677961606605 0 0 0 1 0.70710677961606605 0.70710678275702898 -0 
2 3.2750000048667971 31.13456711162371 0 0 0 1 0.70710678118730508 -0.70710678118579007 0 0.70710678118579007 0.70710678118730508 -0 3.0000000000036668
1 0.27500000486725201 27.84999998988269 0 -1 -6.9224850000000005e-13 0 0 0 1 -6.9224850000000005e-13 1 0 
1 -1.2249999951336581 26.349999993003621 0 -0.70710678045072306 0.70710678192237209 0 0 0 1 0.70710678192237209 0.70710678045072306 -0 
1 -4.509567100676577 26.3499999998362 0 2.0802070000000001e-09 1 0 0 -0 1 1 -2.0802070000000001e-09 -0 
2 -4.5095670940622767 23.349999968811517 0 0 0 1 2.2047669999999999e-09 -1 0 1 2.2047669999999999e-09 -0 3.0000000310241859
1 -10.687994231509492 21.414213580376327 0 -0.70710677961705704 0.707106782756038 0 0 0 1 0.707106782756038 0.70710677961705704 -0 
2 -9.2737806691297919 20.000000018007995 0 0 0 1 0.70710678118938952 -0.70710678118370551 0 0.70710678118370551 0.70710678118938952 -0 2.0000000000024438
1 -6.6308874551918962 14.528679661311799 0 -0.70710678275544403 -0.707106779617651 0 0 0 1 -0.707106779617651 0.70710678275544403 0 
2 -4.5095671116314406 16.650000004876802 0 0 0 1 0.70710678118579007 0.70710678118730508 -0 -0.70710678118730508 0.70710678118579007 0 3.0000000000054419
1 -1.224999989892694 13.650000006987284 0 6.4309890000000004e-10 -1 0 0 0 -1 1 6.4309890000000004e-10 0 
1 0.275000006986375 12.150000010110489 0 -0.707106781186012 -0.70710678118708303 0 0 0 1 -0.70710678118708303 0.707106781186012 0 
1 0.27500000015152198 8.8654328993402487 0 -1 2.0808989999999998e-09 0 0 0 1 2.0808989999999998e-09 1 -0 
2 3.2750000311762051 8.8654329059500014 0 0 0 1 1 2.2032510000000001e-09 -0 -2.2032510000000001e-09 1 0 3.0000000310259618
1 5.2107864196159426 2.6870057685096072 0 -0.707106782756038 -0.70710677961705704 0 0 0 1 -0.70710677961705704 0.707106782756038 0 
2 6.6249999819842742 4.1012193308824862 0 0 0 1 0.70710678118541104 0.707106781187684 -0 -0.707106781187684 0.70710678118541104 0 2.0000000000024438
1 12.096320338680471 6.744112544820382 0 0.70710677961685853 -0.70710678275623651 0 0 0 -1 0.70710678275623651 0.70710677961685853 0 
2 9.974999995113194 8.8654328883808375 0 0 0 1 -0.707106781187684 0.70710678118541104 0 -0.70710678118541104 -0.707106781187684 0 3.0000000000036668
1 12.974999993000438 12.150000010115036 0 1 6.4448339999999998e-10 0 0 0 -1 -6.4448339999999998e-10 1 0 
1 14.474999989879507 13.650000006996379 0 0.70710678118708359 -0.70710678118601156 0 0 0 -1 0.70710678118601156 0.70710678118708359 0 
1 17.759567100652021 13.650000000161526 0 -2.0808989999999998e-09 -1 0 -0 0 -1 1 -2.0808989999999998e-09 -0 
2 17.759567094046815 16.65000003118621 0 0 0 1 -2.2017349999999999e-09 1 0 -1 -2.2017349999999999e-09 0 3.0000000310241859
1 23.937994231480388 18.5857864196214 0 0.70710677961745305 -0.70710678275564198 0 0 0 -1 0.70710678275564198 0.70710677961745305 0 
2 22.523780669105236 19.999999981996552 0 0 0 1 -0.70710678118654757 0.70710678118654757 0 -0.70710678118654757 -0.70710678118654757 0 2.0000000000024438
1 19.880887455171887 25.471320338690475 0 0.70710678275663308 0.70710677961646207 0 0 0 -1 -0.70710677961646207 0.70710678275663308 0 
10 3.1415926535897931 9.4247779607693793 0 1000
2 -3.375000000005457 9.9999999999931788 0 0 0 1 -1 0 0 0 -1 0 2.1500000000003179
10 3.1415926535897931 9.4247779607693793 0 1000
