DBRep_DrawableShape

CASCADE Topology V1, (c) Matra-Datavision
Locations 0
Curve2ds 168
1 0 0 1 0 
1 0 0 1 0 
1 0 0 1 0 
1 0 0 1 0 
1 6.2831853071795862 0 -1 0 
1 6.2831853071795862 0 -1 0 
1 6.2831853071795853 0 -1 0 
1 6.2831853071795862 0 -1 0 
1 6.2831853071795862 0 -1 0 
1 6.2831853071795862 0 -1 0 
1 6.2831853071795862 0 -1 0 
1 6.2831853071795862 0 -1 0 
1 0 0 1 0 
1 0 0 1 0 
1 0 0 1 0 
1 0 0 1 0 
1 0 0 1 0 
1 0 0 1 0 
1 0 0 1 0 
1 6.2831853071795862 0 -1 0 
1 6.2831853071795862 0 -1 0 
1 6.2831853071795862 0 -1 0 
1 6.2831853071795862 0 -1 0 
1 6.283185307179588 0 -1 0 
1 6.2831853071795862 0 -1 0 
1 6.2831853071795862 0 -1 0 
1 6.2831853071795862 0 -1 0 
1 0 0 1 0 
1 0 0 1 0 
1 0 0 1 0 
1 0 0 1 0 
1 0 0 1 0 
1 0 0 1 0 
1 6.2831853071795862 0 -1 0 
1 6.2831853071795862 0 -1 0 
1 6.2831853071795862 0 -1 0 
1 6.2831853071795862 0 -1 0 
1 6.2831853071795853 0 -1 0 
1 6.2831853071795862 0 -1 0 
1 6.2831853071795853 0 -1 0 
1 6.2831853071795862 0 -1 0 
1 0 0 1 0 
1 0 0 1 0 
1 0 0 1 0 
1 0 0 1 0 
1 0 0 1 0 
1 0 0 1 0 
1 0 0 1 0 
1 6.2831853071795862 0 -1 0 
1 6.2831853071795845 0 -1 0 
1 6.2831853071795845 0 -1 0 
1 6.2831853071795862 0 -1 0 
1 6.2831853071795862 0 -1 0 
1 6.283185307179588 0 -1 0 
1 6.2831853071795862 0 -1 0 
1 6.2831853071795862 0 -1 0 
1 0 0 1 0 
1 0 0 1 0 
1 0 0 1 0 
1 0 0 1 0 
1 0 0 1 0 
1 0 0 1 0 
1 6.2831853071795862 0 -1 0 
1 6.2831853071795862 0 -1 0 
1 6.2831853071795862 0 -1 0 
1 6.2831853071795862 0 -1 0 
1 6.2831853071795862 0 -1 0 
1 6.2831853071795862 0 -1 0 
1 6.2831853071795862 0 -1 0 
1 6.2831853071795862 0 -1 0 
1 0 0 1 0 
1 0 0 1 0 
1 0 0 1 0 
1 0 0 1 0 
1 0 0 1 0 
1 0 0 1 0 
1 0 0 1 0 
1 6.2831853071795862 0 -1 0 
1 6.2831853071795862 0 -1 0 
1 6.2831853071795862 0 -1 0 
1 6.2831853071795862 0 -1 0 
1 6.2831853071795862 0 -1 0 
1 6.2831853071795862 0 -1 0 
1 6.2831853071795862 0 -1 0 
1 6.2831853071795862 0 -1 0 
1 0 0 1 0 
1 0 0 1 0 
1 0 0 1 0 
1 0 0 1 0 
1 0 0 1 0 
1 0 0 1 0 
1 6.2831853071795862 0 -1 0 
1 6.2831853071795862 0 -1 0 
1 6.2831853071795862 0 -1 0 
1 6.2831853071795862 0 -1 0 
1 6.2831853071795862 0 -1 0 
1 6.2831853071795862 0 -1 0 
1 6.2831853071795862 0 -1 0 
1 6.2831853071795862 0 -1 0 
1 0 0 1 0 
1 0 0 1 0 
1 0 0 1 0 
1 0 0 1 0 
1 0 0 1 0 
1 0 0 1 0 
1 0 0 1 0 
1 6.2831853071795862 0 -1 0 
1 6.2831853071795862 0 -1 0 
1 6.2831853071795853 0 -1 0 
1 6.2831853071795862 0 -1 0 
1 6.2831853071795862 0 -1 0 
1 6.2831853071795871 0 -1 0 
1 6.2831853071795862 0 -1 0 
1 6.283185307179572 0 -1 0 
1 0 0 1 0 
1 0 0 1 0 
1 6.2831853071795871 0 -1 0 
1 0 0 1 0 
1 0 0 1 0 
1 6.2831853071795862 0 -1 0 
1 4.4408920985006262e-16 0 1 0 
1 6.2831853071795694 0 -1 0 
1 6.2831853071795774 0 -1 0 
1 0 0 1 0 
1 6.2831853071795853 0 -1 0 
1 0 0 1 0 
1 0 0 1 0 
1 6.2831853071795871 0 -1 0 
1 -4.4408920985006262e-16 0 1 0 
1 6.2831853071795898 0 -1 0 
1 6.2831853071795862 0 -1 0 
1 0 0 1 0 
1 6.283185307179588 0 -1 0 
1 0 0 1 0 
1 0 0 1 0 
1 6.2831853071795862 0 -1 0 
1 0 0 1 0 
1 6.2831853071795862 0 -1 0 
1 6.2831853071795845 0 -1 0 
1 0 0 1 0 
1 6.2831853071795862 0 -1 0 
1 0 0 1 0 
1 0 0 1 0 
1 6.2831853071795862 0 -1 0 
1 0 0 1 0 
1 6.2831853071795951 0 -1 0 
1 6.2831853071795809 0 -1 0 
1 0 0 1 0 
1 0 0 1 0 
1 0 0 1 0 
1 0 0 1 0 
1 0 0 1 0 
1 0 0 1 0 
1 0 0 1 0 
1 0 0 1 0 
1 1.7763568394002505e-15 0 1 0 
1 0 0 1 0 
1 0 0 1 0 
1 0 0 1 0 
1 0 0 1 0 
1 0 0 1 0 
1 0 0 1 0 
1 0 0 1 0 
1 0 0 1 0 
1 0 0 1 0 
1 0 0 1 0 
1 0 0 1 0 
1 0 0 1 0 
Curves 316
2 52.899999976156977 -25.600000010875654 0 0 0 1 1 0 -0 -0 1 0 1.5000000000000571
1 54.399999976155897 -54.399999990872409 0 0 1 0 
2 52.89999997615584 -54.399999990872409 0 0 0 1 0 -1 0 1 0 -0 1.5000000000000571
1 50.749999976156658 -55.899999990875799 0 1 1.549975e-12 0 
2 50.749999976158932 -54.899999990874576 0 0 0 1 -1 -1.0001031e-08 0 1.0001031e-08 -1 0 1.0000000000012219
1 49.74999997615663 -53.399999990875941 0 7.1527969999999999e-13 -1 0 
2 50.249999976157241 -53.399999990877077 0 0 0 1 6.6620490000000003e-09 1 -0 -1 6.6620490000000003e-09 0 0.50000000000061096
1 51.899999972821306 -52.900000001880272 0 -1 6.6689779999999996e-09 0 
2 51.899999976158014 -52.400000001879661 0 0 0 -1 6.6734170000000002e-09 1 0 1 -6.6734170000000002e-09 0 0.50000000000061096
2 49.899999976157346 -52.399999989731086 0 0 0 -1 -1 6.0745149999999999e-09 0 6.0745149999999999e-09 1 0 2.500000000001279
1 48.69238809525848 -49.899999998964539 0 1 7.6471030000000003e-09 0 
2 48.692388133495911 -54.899999998963544 0 0 0 -1 7.647486e-09 -1 0 -1 -7.647486e-09 -0 4.9999999999990052
1 43.46446607022618 -53.056854250367934 0 0.70710678118681314 0.70710678118628212 0 
2 46.999999976165512 -56.592388156302732 0 0 0 -1 0.70710678118700099 -0.70710678118609405 0 -0.70710678118609405 -0.70710678118700099 -0 5.0000000000061107
1 41.999999976159124 -63.407611845453985 0 0 1 0 
2 46.999999976161689 -63.407611845453985 0 0 0 -1 1 0 0 0 -1 0 5.0000000000025588
1 45.156854227559592 -68.635533908725662 0 -0.70710678118556902 0.70710678118752601 0 
2 48.692388133492408 -65.100000002801934 0 0 0 -1 0.70710678118745607 0.70710678118563908 0 0.70710678118563908 -0.70710678118745607 0 4.9999999999936771
1 49.899999957040812 -70.100000012028175 0 -1 7.6453080000000005e-09 0 
2 49.899999976157254 -67.600000012026896 0 0 0 -1 7.6465769999999997e-09 1 0 1 -7.6465769999999997e-09 0 2.500000000001279
2 51.899999976157922 -67.599999999881732 0 0 0 -1 -1 -6.0754249999999996e-09 -0 -6.0754249999999996e-09 1 0 0.50000000000061096
1 50.249999976157149 -67.100000010881388 0 1 6.6668290000000003e-09 0 
2 50.249999976157149 -66.600000010880777 0 0 0 1 -0.99999999999999978 2.0004335999999996e-08 0 -2.0004335999999996e-08 -0.99999999999999978 0 0.50000000000061096
1 49.749999976156602 -65.100000010879867 0 0 -1 0 
2 50.749999976157824 -65.100000010881004 0 0 0 1 0 1 0 -1 0 0 1.0000000000012219
1 52.899999976157005 -64.100000010879867 0 -1 0 0 
2 52.899999976154731 -65.600000010881701 0 0 0 1 1 6.6681119999999999e-09 -0 -6.6681119999999999e-09 1 0 1.500000000001833
1 54.399999964677185 -76.000000000880306 0 1.1037859999999999e-09 1 0 
2 50.399999907120112 -75.999999967166474 0 0 0 1 2.0349943999999996e-08 -0.99999999999999978 0 0.99999999999999978 2.0349943999999996e-08 -0 4.0000000575570738
1 39.999999998519009 -80.000000012359692 0 1 -1.1888319999999999e-09 0 
2 39.999999998519009 -78.500000012361411 0 0 0 1 -1 0 0 0 -1 0 1.49999999999828
1 38.499999998520813 -76.350000012361093 0 0 -1 0 
2 39.499999998520259 -76.350000012361093 0 0 0 1 -9.9998939999999995e-09 1 0 -1 -9.9998939999999995e-09 0 0.999999999999446
1 40.999999998521169 -75.350000012360553 0 -1 -7.2001659999999995e-13 0 
2 40.999999998521169 -75.850000012361164 0 0 0 1 1 -6.6665959999999997e-09 0 6.6665959999999997e-09 1 -0 0.50000000000061096
1 41.499999987520241 -77.500000009026365 0 6.6675999999999996e-09 1 0 
2 41.999999987520852 -77.5000000123608 0 0 0 -1 1 -6.6688699999999999e-09 0 -6.6688699999999999e-09 -1 -0 0.50000000000061096
2 41.999999999666016 -75.500000012360132 0 0 0 -1 6.0731510000000002e-09 1 0 1 -6.0731510000000002e-09 0 2.500000000001279
1 44.499999990434837 -74.292388131464676 0 7.6452259999999992e-09 -1 0 
2 39.499999990435832 -74.29238816970097 0 0 0 -1 -1 -7.6472590000000004e-09 -0 -7.6472590000000004e-09 1 0 4.9999999999990052
1 41.343145739026326 -69.064466106432945 0 0.70710678118770498 -0.70710678118539005 0 
2 37.807611833093723 -72.600000012364418 0 0 0 -1 -0.70710678118666104 -0.707106781186434 -0 -0.707106781186434 0.70710678118666104 0 4.9999999999990052
1 30.992388143945881 -67.600000012365143 0 1 0 0 
2 30.992388143944744 -72.600000012364148 0 0 0 -1 -2.2737369999999998e-13 -1 -0 -1 2.2737369999999998e-13 0 4.9999999999990052
1 25.764466080676147 -70.756854263767394 0 0.70710678118681258 0.70710678118628256 0 
2 29.29999998660773 -74.292388169702392 0 0 0 -1 0.70710678118620651 -0.70710678118688852 0 -0.70710678118688852 -0.70710678118620651 -0 5.0000000000007798
1 24.299999977372121 -75.499999993245112 0 7.647185e-09 1 0 
2 26.7999999773734 -75.500000012361554 0 0 0 -1 1 -7.6465769999999997e-09 0 -7.6465769999999997e-09 -1 -0 2.500000000001279
2 26.799999989518565 -77.500000012362221 0 0 0 -1 -6.0708769999999999e-09 1 0 1 6.0708769999999999e-09 0 0.50000000000061096
1 27.299999978520042 -75.850000012362585 0 6.6661419999999997e-09 -1 0 
2 27.799999978518876 -75.850000012362585 0 0 0 1 1.9997514999999996e-08 0.99999999999999978 -0 -0.99999999999999978 1.9997514999999996e-08 0 0.49999999999883499
1 29.299999978518649 -75.350000012363822 0 -1 0 0 
2 29.299999978518649 -76.350000012363267 0 0 0 1 1 0 -0 -0 1 0 0.999999999999446
1 30.299999978518009 -78.500000012363586 0 0 1 0 
2 28.799999978517953 -78.500000012362449 0 0 0 1 6.6635649999999996e-09 -1 0 1 6.6635649999999996e-09 -0 1.5000000000000571
1 -1.1483246e-08 -80.000000012362506 0 1 0 0 
2 -1.485625e-09 -78.500000012364225 0 0 0 1 -1 0 0 0 -1 0 1.49999999999828
1 -1.5000000014838211 -76.350000012363907 0 0 -1 0 
2 -0.50000000148437496 -76.350000012363907 0 0 0 1 0 1 0 -1 0 0 0.999999999999446
1 0.99999998851550398 -75.350000012364532 0 -1 0 0 
2 0.99999999852108201 -75.850000012361591 0 0 0 1 1 -2.2737369999999998e-12 0 2.2737369999999998e-12 1 -0 0.49999999999705802
1 1.499999987516601 -77.500000009027929 0 6.6675999999999996e-09 1 0 
2 1.9999999875154351 -77.500000012362364 0 0 0 -1 1 -6.6688699999999999e-09 0 -6.6688699999999999e-09 -1 -0 0.49999999999883499
2 1.999999999664011 -75.500000012359919 0 0 0 -1 6.0726959999999999e-09 1 0 1 -6.0726959999999999e-09 0 2.500000000001279
1 4.4999999904282824 -74.292388131464463 0 7.6489870000000004e-09 -1 0 
2 -0.50000000956716995 -74.292388169698484 0 0 0 -1 -1 -7.6468039999999993e-09 -0 -7.6468039999999993e-09 1 0 4.9999999999954534
1 1.3431457390259229 -69.064466106432391 0 0.70710678118651904 -0.70710678118657599 0 
2 -2.1923881669065608 -72.600000012361477 0 0 0 -1 -0.70710678118688808 -0.70710678118620707 -0 -0.70710678118620707 0.70710678118688808 0 4.9999999999972307
1 -9.0076118560578138 -67.600000012363964 0 1 0 0 
2 -9.0076118560532663 -72.60000001237718 0 0 0 -1 9.0949469999999998e-13 -1 0 -1 -9.0949469999999998e-13 -0 5.0000000000132152
1 -14.235533919327363 -70.756854263765845 0 0.70710678118681303 0.70710678118628201 0 
2 -10.700000013401251 -74.292388169698768 0 0 0 -1 0.70710678118586601 -0.70710678118722903 0 -0.70710678118722903 -0.70710678118586601 -0 4.9999999999954534
1 -15.700000022634944 -75.499999993243762 0 7.6500069999999996e-09 1 0 
2 -13.200000022633665 -75.500000012362477 0 0 0 -1 1 -7.647486e-09 0 -7.647486e-09 -1 -0 2.500000000001279
2 -13.200000010481679 -77.500000012363159 0 0 0 -1 -6.0731510000000002e-09 1 0 1 6.0731510000000002e-09 0 0.50000000000061096
1 -12.700000021482477 -75.850000015696821 0 6.6675220000000004e-09 -1 0 
2 -12.200000021481866 -75.850000012363523 0 0 0 1 0 1 0 -1 0 0 0.50000000000061096
1 -10.700000011484473 -75.350000012362969 0 -1 0 0 
2 -10.700000021480957 -76.350000012360638 0 0 0 1 1 -3.4106050000000001e-12 0 3.4106050000000001e-12 1 -0 0.99999999999766898
1 -9.7000000214833726 -78.500000012364367 0 0 1 0 
2 -11.200000021481653 -78.500000012364367 0 0 0 1 0 -1 0 1 0 -0 1.49999999999828
1 -21.600000011482532 -80.000000023842333 0 1 1.103816e-09 0 
2 -21.599999930083893 -75.999999966285259 0 0 0 1 -1 -8.4284579999999998e-09 0 8.4284579999999998e-09 -1 0 4.0000000575570738
1 -25.600000000002865 -65.599999999998317 0 1.188574e-09 -1 0 
2 -24.100000000003092 -65.600000009999349 0 0 0 1 0 1 0 -1 0 0 1.5000000000000571
1 -21.950000000005048 -64.100000010000713 0 -1 5.2877600000000001e-13 0 
2 -21.950000000001637 -65.100000009999803 0 0 0 1 1 0 -0 -0 1 0 0.999999999999446
1 -20.95000000000482 -66.599999999998545 0 0 1 0 
2 -21.450000000004366 -66.600000009999576 0 0 0 1 0 -1 0 1 0 -0 0.50000000000061096
1 -23.099999996666156 -67.099999998998783 0 1 -6.666872e-09 0 
2 -23.100000000000591 -67.599999998998328 0 0 0 -1 -6.6688699999999999e-09 -1 -0 -1 6.6688699999999999e-09 0 0.50000000000238698
2 -21.10000000000241 -67.600000011145767 0 0 0 -1 1 -6.0740599999999996e-09 0 -6.0740599999999996e-09 -1 -0 2.4999999999995031
1 -19.89238811910127 -70.100000001912122 0 -1 -7.6462029999999996e-09 0 
2 -19.892388157343248 -65.100000001899616 0 0 0 -1 -7.6483960000000006e-09 1 0 1 7.6483960000000006e-09 0 5.0000000000132152
1 -14.664466094069439 -66.943145750504982 0 -0.70710678118702253 -0.70710678118607251 0 
2 -18.200000000005048 -63.407611844573921 0 0 0 -1 -0.70710678118700199 0.70710678118609305 0 0.70710678118609305 0.70710678118700199 0 5.0000000000025588
1 -13.200000000005048 -56.592388155422668 0 0 -1 0 
2 -18.200000000005048 -56.592388155422668 0 0 0 -1 -1 0 0 0 1 0 5.0000000000025588
1 -16.356854251409914 -51.364466092153407 0 0.70710678118654746 -0.70710678118654746 0 
2 -19.892388157339838 -54.899999998090152 0 0 0 -1 -0.70710678118586501 -0.70710678118723003 -0 -0.70710678118723003 0.70710678118586501 0 5.0000000000025588
1 -21.099999980883695 -49.899999988849686 0 1 -7.6471440000000002e-09 0 
2 -21.10000000000241 -52.399999988849686 0 0 0 -1 -7.647486e-09 -1 -0 -1 7.647486e-09 0 2.500000000001279
2 -23.100000000000591 -52.400000000998261 0 0 0 -1 1 6.0754249999999996e-09 0 6.0754249999999996e-09 -1 0 0.50000000000238698
1 -21.450000003333116 -52.899999989996331 0 -1 -6.6689389999999996e-09 0 
2 -21.450000000004366 -53.399999989995877 0 0 0 1 1 -6.8212100000000002e-12 0 6.8212100000000002e-12 1 -0 0.50000000000061096
1 -20.95000000000482 -54.899999999998954 0 0 1 0 
2 -21.950000000005048 -54.899999989996786 0 0 0 1 0 -1 0 1 0 -0 1.0000000000029989
1 -24.100000000003092 -55.899999989995877 0 1 -1.586328e-12 0 
2 -24.100000000006503 -54.399999989996104 0 0 0 1 -1 0 0 0 -1 0 1.49999999999828
1 -25.600000000005139 -25.600000009999349 0 0 -1 0 
2 -24.100000000005366 -25.600000009999349 0 0 0 1 2.2737369999999998e-12 1 -0 -1 2.2737369999999998e-12 0 1.5000000000000571
1 -21.950000000003911 -24.100000009999576 0 -1 0 0 
2 -21.950000000003911 -25.10000001000094 0 0 0 1 1 1.0002168e-08 -0 -1.0002168e-08 1 0 1.0000000000029989
1 -20.950000000003683 -26.600000009999576 0 0 1 0 
2 -21.450000000003229 -26.600000010000713 0 0 0 1 -6.6575009999999997e-09 -1 0 1 -6.6575009999999997e-09 0 0.49999999999883499
1 -23.099999996665019 -27.099999998998783 0 1 -6.6668720000000008e-09 0 
2 -23.099999999999454 -27.599999998998328 0 0 0 -1 -6.6688699999999999e-09 -1 -0 -1 6.6688699999999999e-09 0 0.50000000000238698
2 -21.100000000001273 -27.600000011145767 0 0 0 -1 1 -6.0740599999999996e-09 0 -6.0740599999999996e-09 -1 -0 2.4999999999995031
1 -19.892388119100133 -30.100000001912122 0 -1 -7.6471440000000002e-09 0 
2 -19.892388157336427 -25.10000000192008 0 0 0 -1 -7.6472590000000004e-09 1 0 1 7.6472590000000004e-09 0 4.9999999999936762
1 -14.664466094068302 -26.943145750504982 0 -0.70710678118702253 -0.70710678118607251 0 
2 -18.200000000003911 -23.407611844573921 0 0 0 -1 -0.70710678118700199 0.70710678118609305 0 0.70710678118609305 0.70710678118700199 0 5.0000000000025588
1 -13.200000000002774 -16.592388155422668 0 -1.668131e-13 -1 0 
2 -18.200000000002774 -16.592388155422668 0 0 0 -1 -1 0 0 0 1 0 5.0000000000025588
1 -16.35685425140764 -11.364466092156817 0 0.70710678118821002 -0.70710678118488501 0 
2 -19.892388157340974 -14.899999998096973 0 0 0 -1 -0.70710678118586501 -0.70710678118723003 -0 -0.70710678118723003 0.70710678118586501 0 5.0000000000114388
1 -21.099999980881421 -9.8999999888496859 0 1 -7.6471440000000002e-09 0 
2 -21.100000000000136 -12.399999988849686 0 0 0 -1 -7.647486e-09 -1 -0 -1 7.647486e-09 0 2.500000000001279
2 -23.099999999998317 -12.400000000998261 0 0 0 -1 1 6.0754249999999996e-09 0 6.0754249999999996e-09 -1 0 0.50000000000238698
1 -21.450000000002092 -12.899999989998605 0 -1 -6.6675610000000004e-09 0 
2 -21.450000000002092 -13.399999989999287 0 0 0 1 0.99999999999999978 -1.9999787999999996e-08 0 1.9999787999999996e-08 0.99999999999999978 -0 0.50000000000061096
1 -20.949999999999136 -14.89999998999906 0 -2.2737369999999998e-12 1 0 
2 -21.949999999999363 -14.89999998999906 0 0 0 1 -3.4106050000000001e-12 -1 0 1 -3.4106050000000001e-12 0 0.999999999999446
1 -24.100000000000819 -15.899999989995877 0 1 -1.586328e-12 0 
2 -24.100000000004229 -14.399999989999515 0 0 0 1 -1 -6.6665959999999997e-09 0 6.6665959999999997e-09 -1 0 1.49999999999828
1 -25.599999988522768 -3.9999999999997731 0 -1.103637e-09 -1 0 
2 -21.599999930966543 -4.0000000337327064 0 0 0 1 -2.0349658999999997e-08 0.99999999999999978 0 -0.99999999999999978 -2.0349658999999997e-08 0 4.0000000575570738
1 -11.200000022364303 1.1460512999999999e-08 0 -1 1.1888319999999999e-09 0 
2 -11.200000022364303 -1.499999988535992 0 0 0 1 1 -1.515825e-12 0 1.515825e-12 1 -0 1.499999999996505
1 -9.7000000223678828 -3.6499999885374468 0 0 1 0 
2 -10.700000022365552 -3.649999988539721 0 0 0 1 9.9964839999999994e-09 -1 0 1 9.9964839999999994e-09 -0 0.99999999999766898
1 -12.200000022366462 -4.6499999885373304 0 1 0 0 
2 -12.200000022366462 -4.1499999885367194 0 0 0 1 -1 6.6688699999999999e-09 0 -6.6688699999999999e-09 -1 0 0.50000000000061096
1 -12.700000011365534 -2.4999999918703821 0 -6.6675999999999996e-09 -1 0 
2 -13.200000011364368 -2.4999999885370841 0 0 0 -1 -1 6.6665959999999997e-09 0 6.6665959999999997e-09 1 0 0.49999999999883499
2 -13.200000023516354 -4.499999988537752 0 0 0 -1 -6.0754249999999996e-09 -1 -0 -1 6.0754249999999996e-09 0 2.4999999999995031
1 -15.700000014277711 -5.7076118694366187 0 -7.6499299999999999e-09 1 0 
2 -10.700000014282258 -5.7076118312014614 0 0 0 -1 1 7.6470310000000005e-09 0 7.6470310000000005e-09 -1 0 4.9999999999954534
1 -12.543145762871372 -10.935533894472659 0 -0.70710678118628201 0.70710678118681303 0 
2 -9.0076118569403558 -7.3999999885370968 0 0 0 -1 0.70710678118609305 0.70710678118700199 0 0.70710678118700199 -0.70710678118609305 0 5.0000000000007807
1 -2.1923881677879669 -12.399999988539284 0 -1 2.0617050000000003e-13 0 
2 -2.1923881677936512 -7.3999999885349466 0 0 0 -1 -1.136868e-12 1 0 1 1.136868e-12 0 5.0000000000043352
1 3.035533895477577 -9.2431457371331867 0 -0.70710678118610104 -0.70710678118699399 0 
2 -0.50000001045137599 -5.7076118312030957 0 0 0 -1 -0.707106781186434 0.70710678118666104 0 0.70710678118666104 0.707106781186434 0 4.9999999999954534
1 4.4999999987811794 -4.5000000076592386 0 -7.6490669999999994e-09 -1 0 
2 1.9999999987799 -4.4999999885393862 0 0 0 -1 -1 7.6479409999999994e-09 0 7.6479409999999994e-09 1 0 2.500000000001279
2 1.9999999866313249 -2.499999988538717 0 0 0 -1 6.0663299999999997e-09 -1 0 -1 -6.0663299999999997e-09 -0 0.50000000000061096
1 1.499999997637808 -4.1499999885394914 0 -6.6709659999999997e-09 1 0 
2 0.99999999763719705 -4.1499999885394914 0 0 0 1 -2.0011156999999997e-08 -0.99999999999999978 0 0.99999999999999978 -2.0011156999999997e-08 0 0.50000000000061096
1 -0.50000000236826003 -4.6499999885389052 0 1 -7.9758420000000002e-13 0 
2 -0.50000000236826003 -3.6499999885412362 0 0 0 1 -1 0 0 0 -1 0 0.99999999999766898
1 -1.500000002365844 -1.499999988542055 0 0 -1 0 
2 -2.3675640000000001e-09 -1.499999988537507 0 0 0 1 -6.6650800000000003e-09 1 0 -1 -6.6650800000000003e-09 0 1.49999999999828
1 28.799999987631359 1.1460773e-08 0 -1 0 0 
2 28.799999977636013 -1.49999998854106 0 0 0 1 1 0 -0 -0 1 0 1.500000000001833
1 30.299999977637761 -3.6499999885402419 0 0 1 0 
2 29.299999977638315 -3.6499999885402419 0 0 0 1 0 -1 0 1 0 -0 0.999999999999446
1 27.7999999876373 -4.6499999885396281 0 1 0 0 
2 27.799999977638542 -4.1499999885407943 0 0 0 1 -1 0 0 0 -1 0 0.49999999999883499
1 27.299999988638973 -2.4999999918744562 0 -6.6662220000000004e-09 -1 0 
2 26.799999988638362 -2.4999999885411581 0 0 0 -1 -1 6.6665959999999997e-09 0 6.6665959999999997e-09 1 0 0.50000000000061096
2 26.799999976493197 -4.499999988541826 0 0 0 -1 -6.0722409999999996e-09 -1 -0 -1 6.0722409999999996e-09 0 2.500000000001279
1 24.299999985726654 -5.7076118694429674 0 -7.6471059999999996e-09 1 0 
2 29.299999985723883 -5.7076118312043986 0 0 0 -1 1 7.6477139999999999e-09 0 7.6477139999999999e-09 -1 0 4.9999999999972298
1 27.456854237131804 -10.935533894475151 0 -0.70710678118628201 0.70710678118681303 0 
2 30.992388143065902 -7.3999999885376422 0 0 0 -1 0.70710678118620607 0.70710678118688908 0 0.70710678118688908 -0.70710678118620607 0 5.0000000000043343
1 37.807611832210334 -12.399999988542248 0 -1 0 0 
2 37.80761183220806 -7.3999999885343604 0 0 0 -1 -4.5474739999999997e-13 1 0 1 4.5474739999999997e-13 0 5.000000000007887
1 43.035533895484079 -9.2431457371373824 0 -0.70710678118705095 -0.70710678118604398 0 
2 39.499999989553295 -5.7076118312066049 0 0 0 -1 -0.70710678118654802 0.70710678118654702 0 0.70710678118654702 0.70710678118654802 0 4.9999999999972298
1 44.499999998783082 -4.5000000076627469 0 -7.6453080000000005e-09 -1 0 
2 41.999999998781796 -4.4999999885428954 0 0 0 -1 -1 7.6479409999999994e-09 0 7.6479409999999994e-09 1 0 2.500000000001279
2 41.999999986634357 -2.499999988542227 0 0 0 -1 6.0754249999999996e-09 -1 0 -1 -6.0754249999999996e-09 -0 0.50000000000061096
1 41.499999997635157 -4.1499999852074279 0 -6.6675220000000004e-09 1 0 
2 40.999999997634546 -4.1499999885418628 0 0 0 1 0 -1 0 1 0 -0 0.50000000000061096
1 39.499999987633743 -4.6499999885424144 0 1 0 0 
2 39.499999997633637 -3.649999988542969 0 0 0 1 -1 0 0 0 -1 0 0.999999999999446
1 38.499999997634276 -1.4999999885437869 0 0 -1 0 
2 39.999999997632557 -1.499999988541513 0 0 0 1 0 1 0 -1 0 0 1.49999999999828
1 50.399999987633436 2.2935316000000001e-08 0 -1 -1.103707e-09 0 
2 50.39999990623366 -4.0000000346217561 0 0 0 1 1 8.4284579999999998e-09 -0 -8.4284579999999998e-09 1 0 4.0000000575570738
1 54.399999976151491 -14.400000000907561 0 -1.1885340000000001e-09 1 0 
2 52.899999976151435 -14.399999990877445 0 0 0 1 4.9145869999999998e-12 -1 0 1 4.9145869999999998e-12 -0 1.5000000000000571
1 50.749999976159621 -15.89999999087742 0 1 0 0 
2 50.749999976159621 -14.899999990877975 0 0 0 1 -1 1.136868e-12 0 -1.136868e-12 -1 0 0.999999999999446
1 49.749999976159096 -13.400000000876959 0 7.2475359999999987e-13 -1 0 
2 50.249999976159707 -13.399999990874791 0 0 0 1 0 1 0 -1 0 0 0.50000000000061096
1 51.899999972823771 -12.900000001876856 0 -1 6.668289e-09 0 
2 51.89999997616048 -12.400000001876245 0 0 0 -1 6.6734170000000002e-09 1 0 1 -6.6734170000000002e-09 0 0.50000000000061096
2 49.899999976159812 -12.39999998972767 0 0 0 -1 -1 6.0745149999999999e-09 0 6.0745149999999999e-09 1 0 2.500000000001279
1 48.692388095260945 -9.8999999989599878 0 1 7.6461630000000001e-09 0 
2 48.692388133498376 -14.899999998960769 0 0 0 -1 7.647486e-09 -1 0 -1 -7.647486e-09 -0 5.0000000000007807
1 43.464466070227388 -13.056854250363907 0 0.70710678118681203 0.70710678118628301 0 
2 46.999999976161931 -16.592388156298455 0 0 0 -1 0.70710678118654702 -0.70710678118654802 0 -0.70710678118654802 -0.70710678118654702 -0 5.000000000002558
1 41.99999997615911 -23.407611845449704 0 0 1 0 
2 46.999999976161668 -23.407611845449704 0 0 0 -1 1 0 0 0 -1 0 5.0000000000025588
1 45.15685422755957 -28.635533908721385 0 -0.70710678118556902 0.70710678118752601 0 
2 48.692388133492379 -25.100000002797668 0 0 0 -1 0.70710678118745662 0.70710678118563863 0 0.70710678118563863 -0.70710678118745662 0 4.9999999999936762
1 49.899999957040784 -30.100000012023898 0 -1 7.6453020000000003e-09 0 
2 49.899999976157225 -27.600000012022619 0 0 0 -1 7.6465769999999997e-09 1 0 1 -7.6465769999999997e-09 0 2.500000000001279
2 51.899999976157893 -27.599999999877454 0 0 0 -1 -1 -6.0754249999999996e-09 -0 -6.0754249999999996e-09 1 0 0.50000000000061096
1 50.249999979488145 -27.100000010877118 0 1 6.6668309999999993e-09 0 
2 50.24999997615712 -26.600000010876506 0 0 0 1 -1 2.2737369999999998e-12 0 -2.2737369999999998e-12 -1 0 0.50000000000061096
1 49.749999976156573 -25.100000000874566 0 0 -1 0 
2 50.749999976157795 -25.100000010876734 0 0 0 1 0 1 0 -1 0 0 1.0000000000012219
1 52.899999976156977 -24.100000010875597 0 -1 0 0 
2 -18.549751036368889 -28.000000000009777 0 0 0 -1 -2.0463629999999999e-12 -1 -0 -1 2.0463629999999999e-12 0 4.9999999999901252
1 -18.549751036379121 -32.999999999999545 0 -1 0 0 
2 -19.099999999999682 -35.499999999999545 0 0 0 1 9.0949469999999998e-13 -1 0 1 9.0949469999999998e-13 -0 2.500000000001279
1 -21.600000000001955 -35.499999999999545 0 0 -1 0 
2 -19.099999999999682 -44.499999999997044 0 0 0 1 1 9.0949469999999998e-13 -0 -9.0949469999999998e-13 1 0 2.500000000001279
1 -19.100000000003092 -46.999999999999318 0 1 0 0 
2 -18.549751036376847 -51.99999999999477 0 0 0 -1 0.70710617966275324 0.7071073827098302 0 0.7071073827098302 -0.70710617966275324 0 4.9999999999972307
1 -15.014220138064045 -48.464463086446585 0 0.70710738271058915 -0.70710617966199407 0 
2 -9.1576114636472994 -47.249999999997954 0 0 0 1 0.7071061796621847 0.70710738271039864 -0 -0.70710738271039864 0.7071061796621847 0 5.0000000000007816
1 -9.1576114636472994 -52.249999999997954 0 1 -3.114493e-13 0 
2 -1.8571067811922151 -52.750000000008868 0 0 0 -1 0.70710678118313708 0.70710678118995807 0 0.70710678118995807 -0.70710678118313708 0 0.50000000000949296
1 -1.503553390593882 -52.396446609407121 0 0.70710678118631809 -0.70710678118677706 0 
2 1.649999999985994 -56.257106781190487 0 0 0 -1 1 9.0949470000000004e-12 0 9.0949470000000004e-12 -1 0 0.50000000000771605
1 2.1499999999969082 -56.257106781185939 0 0 -1 0 
2 7.1499999999934971 -63.557611463643298 0 0 0 1 1 9.0949469999999998e-13 -0 -9.0949469999999998e-13 1 0 4.9999999999990052
1 3.614463086446448 -67.093142361954961 0 0.70710617966199407 -0.70710738271058915 0 
2 2.3999999999932702 -72.949751036376256 0 0 0 -1 1 0 0 0 -1 0 5.000000000007887
1 7.3999999999989523 -72.949751036376256 0 -2.0660979999999999e-12 -1 0 
2 9.8999999999978172 -73.500000000000227 0 0 0 1 1 0 -0 -0 1 0 2.4999999999995031
1 9.8999999999978172 -76.000000000000227 0 1 5.0527479999999997e-13 0 
2 18.900000000001 -73.500000000000227 0 0 0 1 1.364242e-12 1 -0 -1 1.364242e-12 0 2.4999999999977258
1 21.39999999999759 -73.500000000000227 0 0 1 0 
2 26.399999999980537 -72.949751036364887 0 0 0 -1 -0.70710738270937568 0.70710617966320766 0 0.70710617966320766 0.70710738270937568 0 4.9999999999830198
1 22.864463086447135 -69.414220138062319 0 0.70710617966199418 0.70710738271058926 0 
2 21.650000000009868 -63.557611463648982 0 0 0 1 -0.70710738270960272 0.70710617966298062 0 -0.70710617966298062 -0.70710738270960272 0 4.9999999999901261
1 26.649999999999636 -63.557611463644434 0 0 1 0 
2 27.149999999999181 -56.257106781187076 0 0 0 -1 -0.707106781187684 0.70710678118541104 0 0.70710678118541104 0.707106781187684 0 0.50000000000061096
1 26.796446609405393 -55.903553390594425 0 0.70710678118654757 0.70710678118654757 0 
2 30.657106781185348 -52.750000000006594 0 0 0 -1 0 1 0 1 -0 0 0.500000000004164
1 30.657106781185348 -52.250000000001364 0 1 0 0 
2 37.957611463643843 -47.249999999996817 0 0 0 1 0 1 0 -1 0 0 5.0000000000025588
1 41.493142361954369 -50.78553691355296 0 0.70710738270989681 0.70710617966268663 0 
2 47.349751036367707 -51.99999999999477 0 0 0 -1 1.364242e-12 1 0 1 -1.364242e-12 0 4.9999999999954534
1 47.349751036374528 -46.999999999999318 0 1 0 0 
2 47.900000000000773 -44.500000000001592 0 0 0 1 4.5474739999999997e-13 1 -0 -1 4.5474739999999997e-13 0 2.4999999999977258
1 50.400000000000773 -44.500000000002728 0 0 1 0 
2 47.900000000000773 -35.499999999999545 0 0 0 1 -1 1.364242e-12 0 -1.364242e-12 -1 0 2.4999999999995031
1 47.900000000000773 -33.000000000001819 0 -1 0 0 
2 47.349751036375665 -27.999999999997272 0 0 0 -1 -0.70710617966207123 -0.70710738271051221 -0 -0.70710738271051221 0.70710617966207123 0 5.0000000000043352
1 43.814220138062865 -31.535536913552278 0 -0.70710738271076223 0.70710617966182121 0 
2 37.957611463643843 -32.750000000006594 0 0 0 1 -0.70710617966173017 -0.70710738271085327 0 0.70710738271085327 -0.70710617966173017 0 5.0000000000043352
1 37.95761146364498 -27.750000000002046 0 -1 0 0 
2 30.657106781186485 -27.249999999996817 0 0 0 -1 -0.70710678118199999 -0.70710678119109505 -0 -0.70710678119109505 0.70710678118199999 0 0.500000000004164
1 30.303553390592697 -27.603553390595152 0 -0.707106781186433 0.70710678118666204 0 
2 27.150000000000318 -23.742893218814061 0 0 0 -1 -1 -2.2737369999999998e-12 -0 -2.2737369999999998e-12 1 0 0.50000000000061096
1 26.650000000000773 -23.742893218815198 0 1.557246e-13 1 0 
2 21.650000000006457 -16.442388536353292 0 0 0 1 -1 6.82121e-13 0 -6.82121e-13 -1 0 4.9999999999936762
1 25.185536913552369 -12.906857638043901 0 -0.70710617966182121 0.70710738271076223 0 
2 26.399999999996453 -7.0502489636294294 0 0 0 -1 -1 1.136868e-12 0 1.136868e-12 1 0 4.9999999999972298
1 21.399999999996453 -7.0502489636237442 0 0 1 0 
2 18.899999999996453 -6.5000000000009104 0 0 0 1 -1 0 0 0 -1 0 2.500000000001279
1 18.899999999999864 -4.0000000000009104 0 -1 0 0 
2 9.9000000000012278 -6.5000000000009104 0 0 0 1 4.5474739999999997e-13 -1 0 1 4.5474739999999997e-13 -0 2.500000000001279
1 7.4000000000000901 -6.5000000000009104 0 0 -1 0 
2 2.400000000003502 -7.0502489636282917 0 0 0 -1 0.70710738271017126 -0.70710617966241218 0 -0.70710617966241218 -0.70710738271017126 -0 4.9999999999954534
1 5.9355369135516867 -10.585779861937681 0 -0.70710617966216727 -0.70710738271041607 0 
2 7.1499999999957708 -16.442388536355566 0 0 0 1 0.70710738270971663 -0.70710617966286671 0 0.70710617966286671 0.70710738270971663 -0 4.9999999999972307
1 2.1499999999991819 -16.442388536356702 0 1.557246e-13 -1 0 
2 1.6499999999984989 -23.742893218812924 0 0 0 -1 0.70710678118541104 -0.707106781187684 0 -0.707106781187684 -0.70710678118541104 -0 0.50000000000061096
1 2.0035533905911489 -24.096446609406708 0 -0.70710678118620407 -0.70710678118689108 0 
2 -1.857106781191078 -27.249999999988859 0 0 0 -1 1.1368680000000001e-11 -1 0 -1 -1.1368680000000001e-11 -0 0.50000000000949296
1 -1.8571067811853941 -27.750000000000909 0 -1 1.557246e-13 0 
2 -9.1576114636461625 -32.749999999995225 0 0 0 1 0 -1 0 1 0 -0 4.9999999999954534
1 -12.69314236195328 -29.214463086445903 0 -0.7071073827102432 -0.70710617966234024 0 
2 -23.299999999999272 -72.299999999999045 0 0 0 1 4.5474739999999997e-12 -1 0 1 4.5474739999999997e-12 -0 0.50000000000238698
1 -23.800000000001091 -72.299999999999045 0 -9.2178519999999991e-13 -1 0 
2 -21.59999991860559 -75.999999966285259 0 0 0 1 1 1.5324467999999999e-08 -0 -1.5324467999999999e-08 1 0 2.2000000813999772
1 -21.600000000004229 -78.200000047683034 0 0.99999999999999989 1.2888092999999998e-08 0 
2 -17.900000000003047 -77.699999999997544 0 0 0 1 0 1 0 -1 0 0 0.50000000000061096
1 -17.400000000003498 -77.700000047683488 0 2.105312e-13 1 0 
2 -17.899999674399396 -72.299999865132349 0 0 0 1 -0.9999999999999637 2.6973356699999994e-07 0 -2.6973356699999994e-07 -0.9999999999999637 0 0.49999967439795501
1 -17.899999237063184 -71.800000190734181 0 -0.99999999999999933 3.5321653000000009e-08 0 
2 52.099999999999227 -7.7000000000020918 0 0 0 1 0 1 0 -1 0 0 0.50000000000061096
1 52.599999999999909 -7.7000000000020918 0 0 1 0 
2 50.399999918602134 -4.000000033717015 0 0 0 1 -1 -1.5324467999999999e-08 0 1.5324467999999999e-08 -1 0 2.200000081399978
1 50.40000000000191 -1.7999999523192369 0 -1 -1.2887171e-08 0 
2 46.700000000000728 -2.3000000000013192 0 0 0 1 2.2737369999999998e-12 -1 0 1 2.2737369999999998e-12 -0 0.50000000000061096
1 46.200000000001182 -2.299999952317648 0 -2.1053120000000002e-13 -1 0 
2 46.699999674394803 -7.7000001348687874 0 0 0 1 0.9999999999999637 -2.6973584099999993e-07 0 2.6973584099999993e-07 0.9999999999999637 -0 0.49999967439617898
1 46.699999237059728 -8.1999998092669557 0 0.99999999999999933 -3.5321443000000008e-08 0 
2 52.099999999996953 -72.300000000002456 0 0 0 1 -1 0 0 0 -1 0 0.49999999999883499
1 52.099999999996953 -71.80000000000291 0 -0.99999999999999933 -3.5321443000000008e-08 0 
2 46.699999674392529 -72.299999865134623 0 0 0 1 8.7467071900000058e-07 -0.99999999999961753 0 0.99999999999961753 8.7467071900000058e-07 -0 0.49999967439440202
1 46.199999999998909 -72.300000000001319 0 -2.105312e-13 -1 0 
2 46.699999999997317 -77.700000000000955 0 0 0 1 0.99999999999999556 9.5369613999999963e-08 -0 -9.5369613999999963e-08 0.99999999999999556 0 0.50000000000061096
1 46.69999999999618 -78.200000000001651 0 1 -1.2887786000000001e-08 0 
2 50.399999918598724 -75.999999966288669 0 0 0 1 -3.6999897000000011e-08 0.99999999999999933 0 -0.99999999999999933 -3.6999897000000011e-08 0 2.2000000813999772
1 52.599999999996506 -76.000000000002501 0 3.0726170000000002e-13 1 0 
2 -23.299999999996999 -7.6999999999941338 0 0 0 1 1 9.0949470000000004e-12 -0 -9.0949470000000004e-12 1 0 0.50000000000061096
1 -23.299999999999276 -8.1999999999993598 0 0.99999999999999933 3.5321653000000009e-08 0 
2 -17.899999674397122 -7.7000001348665137 0 0 0 1 -8.7467299300000057e-07 0.99999999999961753 0 -0.99999999999961753 -8.7467299300000057e-07 0 0.49999967439617898
1 -17.400000000000091 -7.6999999999986812 0 0 1 0 
2 -17.899999999999636 -2.299999999999045 0 0 0 1 -0.99999999999999556 -9.5367340999999963e-08 0 9.5367340999999963e-08 -0.99999999999999556 0 0.50000000000061096
1 -17.899999999999636 -1.7999999999994969 0 -0.99999999999999989 1.2887477999999998e-08 0 
2 -21.59999991860218 -4.0000000337136044 0 0 0 1 3.6999380000000015e-08 -0.99999999999999933 0 0.99999999999999933 3.6999380000000015e-08 -0 2.2000000813981999
1 -23.799999999998814 -3.9999999999997731 0 3.0726170000000002e-13 -1 0 
2 -5.600000000001728 -20 0 0 0 1 -1 0 0 0 -1 0 3.349999999999298
2 -5.6000000000028649 -60 0 0 0 1 -1 0 0 0 -1 0 3.349999999999298
2 34.400000000000546 -20.000000000001137 0 0 0 1 -1 0 0 0 -1 0 3.349999999999298
2 34.399999999999409 -60.000000000001137 0 0 0 1 -1 0 0 0 -1 0 3.349999999999298
Polygon3D 0
PolygonOnTriangulations 0
Surfaces 317
1 14.399999988075242 -40.000000000446633 0 0 0 1 1 0 -0 -0 1 0 
2 52.899999976156977 -25.600000010875654 0 0 0 1 1 0 -0 -0 1 0 1.5000000000000571
1 54.399999976157034 -25.600000010875654 0 1 0 0 0 0 -1 -0 1 0 
2 52.89999997615584 -54.399999990872409 0 0 0 1 0 -1 0 1 0 -0 1.5000000000000571
1 52.89999997615584 -55.899999990872466 0 1.549148e-12 -1 0 0 0 -1 1 1.549148e-12 0 
2 50.749999976158932 -54.899999990874576 0 0 0 1 -1 -1.0001031e-08 0 1.0001031e-08 -1 0 1.0000000000012219
1 49.74999997615771 -54.900000000875607 0 -1 -7.1646389999999999e-13 0 0 0 1 -7.1646389999999999e-13 1 0 
2 50.249999976157241 -53.399999990877077 0 0 0 1 6.6620490000000003e-09 1 -0 -1 6.6620490000000003e-09 0 0.50000000000061096
1 50.249999979488265 -52.899999990876466 0 6.6689770000000001e-09 1 0 0 -0 1 1 -6.6689770000000001e-09 -0 
2 51.899999976158014 -52.400000001879661 0 0 0 1 6.6734170000000002e-09 1 -0 -1 6.6734170000000002e-09 0 0.50000000000061096
2 49.899999976157346 -52.399999989731086 0 0 0 1 -1 6.0745149999999999e-09 0 -6.0745149999999999e-09 -1 0 2.500000000001279
1 49.899999957040905 -49.899999989729807 0 7.6470999999999994e-09 -1 0 0 0 -1 1 7.6470999999999994e-09 0 
2 48.692388133495911 -54.899999998963544 0 0 0 1 7.647486e-09 -1 0 1 7.647486e-09 -0 4.9999999999990052
1 45.156854227559897 -51.364466093035489 0 0.70710678118628201 -0.70710678118681303 0 0 0 -1 0.70710678118681303 0.70710678118628201 0 
2 46.999999976165512 -56.592388156302732 0 0 0 1 0.70710678118700099 -0.70710678118609405 0 0.70710678118609405 0.70710678118700099 -0 5.0000000000061107
1 41.999999976159401 -56.592388156302732 0 1 0 0 0 0 -1 -0 1 0 
2 46.999999976161689 -63.407611845453985 0 0 0 1 1 0 -0 -0 1 0 5.0000000000025588
1 43.464466070226003 -66.943145751387391 0 0.70710678118752501 0.70710678118557002 0 0 0 -1 -0.70710678118557002 0.70710678118752501 0 
2 48.692388133492408 -65.100000002801934 0 0 0 1 0.70710678118745607 0.70710678118563908 -0 -0.70710678118563908 0.70710678118745607 0 4.9999999999936771
1 48.692388095258387 -70.10000000279561 0 7.6453049999999996e-09 1 0 0 -0 1 1 -7.6453049999999996e-09 -0 
2 49.899999976157254 -67.600000012026896 0 0 0 1 7.6465769999999997e-09 1 -0 -1 7.6465769999999997e-09 0 2.500000000001279
2 51.899999976157922 -67.599999999881732 0 0 0 1 -1 -6.0754249999999996e-09 0 6.0754249999999996e-09 -1 0 0.50000000000061096
1 51.899999972821213 -67.099999999881121 0 6.6668290000000003e-09 -1 0 0 0 -1 1 6.6668290000000003e-09 0 
2 50.249999976157149 -66.600000010880777 0 0 0 1 -0.99999999999999978 2.0004335999999996e-08 0 -2.0004335999999996e-08 -0.99999999999999978 0 0.50000000000061096
1 49.749999976156538 -66.600000000878609 0 -1 0 0 0 0 1 0 1 -0 
2 50.749999976157824 -65.100000010881004 0 0 0 1 0 1 0 -1 0 0 1.0000000000012219
1 50.749999976157824 -64.100000010879782 0 0 1 0 0 -0 1 1 0 -0 
2 52.899999976154731 -65.600000010881701 0 0 0 1 1 6.6681119999999999e-09 -0 -6.6681119999999999e-09 1 0 1.500000000001833
1 54.399999976156565 -65.600000000879533 0 1 -1.1037859999999999e-09 0 0 0 -1 1.1037859999999999e-09 1 0 
2 50.399999907120112 -75.999999967166474 0 0 0 1 2.0349943999999996e-08 -0.99999999999999978 0 0.99999999999999978 2.0349943999999996e-08 -0 4.0000000575570738
1 50.399999988519887 -80.000000024723548 0 -1.1888319999999999e-09 -1 0 -0 0 -1 1 -1.1888319999999999e-09 -0 
2 39.999999998519009 -78.500000012361411 0 0 0 1 -1 0 0 0 -1 0 1.49999999999828
1 38.499999998520728 -78.500000012361411 0 -1 0 0 0 0 1 0 1 -0 
2 39.499999998520259 -76.350000012361093 0 0 0 1 -9.9998939999999995e-09 1 0 -1 -9.9998939999999995e-09 0 0.999999999999446
1 39.499999988520365 -75.350000012361647 0 -7.2238510000000001e-13 1 0 0 0 1 1 7.2238510000000001e-13 -0 
2 40.999999998521169 -75.850000012361164 0 0 0 1 1 -6.6665959999999997e-09 0 6.6665959999999997e-09 1 -0 0.50000000000061096
1 41.49999999852178 -75.850000015694462 0 1 -6.6675979999999998e-09 0 0 0 -1 6.6675979999999998e-09 1 0 
2 41.999999987520852 -77.5000000123608 0 0 0 1 1 -6.6688699999999999e-09 0 6.6688699999999999e-09 1 -0 0.50000000000061096
2 41.999999999666016 -75.500000012360132 0 0 0 1 6.0731510000000002e-09 1 -0 -1 6.0731510000000002e-09 0 2.500000000001279
1 44.499999999667295 -75.499999993243691 0 -1 -7.6452240000000002e-09 0 0 0 1 -7.6452240000000002e-09 1 0 
2 39.499999990435832 -74.29238816970097 0 0 0 1 -1 -7.6472590000000004e-09 0 7.6472590000000004e-09 -1 0 4.9999999999990052
1 43.035533896367866 -70.756854263768943 0 -0.70710678118539005 -0.70710678118770498 0 0 0 1 -0.70710678118770498 0.70710678118539005 0 
2 37.807611833093723 -72.600000012364418 0 0 0 1 -0.70710678118666104 -0.707106781186434 0 0.707106781186434 -0.70710678118666104 0 4.9999999999990052
1 37.807611833093723 -67.600000012365413 0 0 -1 0 0 0 -1 1 0 0 
2 30.992388143944744 -72.600000012364148 0 0 0 1 -2.2737369999999998e-13 -1 0 1 -2.2737369999999998e-13 0 4.9999999999990052
1 27.456854238013278 -69.064466106431553 0 0.70710678118628101 -0.70710678118681403 0 0 0 -1 0.70710678118681403 0.70710678118628101 0 
2 29.29999998660773 -74.292388169702392 0 0 0 1 0.70710678118620651 -0.70710678118688852 0 0.70710678118688852 0.70710678118620651 -0 5.0000000000007798
1 24.299999986606949 -74.292388131466097 0 1 -7.6471839999999997e-09 0 0 0 -1 7.6471839999999997e-09 1 0 
2 26.7999999773734 -75.500000012361554 0 0 0 1 1 -7.6465769999999997e-09 0 7.6465769999999997e-09 1 -0 2.500000000001279
2 26.799999989518565 -77.500000012362221 0 0 0 1 -6.0708769999999999e-09 1 0 -1 -6.0708769999999999e-09 0 0.50000000000061096
1 27.299999989519176 -77.500000009027787 0 -1 -6.6661419999999997e-09 0 0 0 1 -6.6661419999999997e-09 1 0 
2 27.799999978518876 -75.850000012362585 0 0 0 1 1.9997514999999996e-08 0.99999999999999978 -0 -0.99999999999999978 1.9997514999999996e-08 0 0.49999999999883499
1 27.799999988517634 -75.350000012363751 0 0 1 0 0 -0 1 1 0 -0 
2 29.299999978518649 -76.350000012363267 0 0 0 1 1 0 -0 -0 1 0 0.999999999999446
1 30.299999978518095 -76.350000012363267 0 1 0 0 0 0 -1 -0 1 0 
2 28.799999978517953 -78.500000012362449 0 0 0 1 6.6635649999999996e-09 -1 0 1 6.6635649999999996e-09 -0 1.5000000000000571
1 28.799999988513299 -80.000000012362506 0 0 -1 0 0 0 -1 1 0 0 
