DBRep_DrawableShape

CASCADE Topology V1, (c) Matra-Datavision
Locations 0
Curve2ds 106
1 0 0 1 0 
1 0 0 1 0 
1 0 0 1 0 
1 6.2831853071795836 0 -1 0 
1 6.2831853071795889 0 -1 0 
1 6.2831853071795862 0 -1 0 
1 6.2831853071795827 0 -1 0 
1 0 0 1 0 
1 0 0 1 0 
1 0 0 1 0 
1 0 0 1 0 
1 6.2831853071795862 0 -1 0 
1 6.283185307179588 0 -1 0 
1 6.2831853071795862 0 -1 0 
1 6.2831853071795862 0 -1 0 
1 0 0 1 0 
1 0 0 1 0 
1 0 0 1 0 
1 0 0 1 0 
1 6.2831853071795862 0 -1 0 
1 6.2831853071795845 0 -1 0 
1 6.2831853071795862 0 -1 0 
1 6.2831853071795827 0 -1 0 
1 0 0 1 0 
1 0 0 1 0 
1 0 0 1 0 
1 0 0 1 0 
1 0 0 1 0 
1 6.2831853071795862 0 -1 0 
1 6.283185307179588 0 -1 0 
1 6.2831853071795862 0 -1 0 
1 6.2831853071795871 0 -1 0 
1 0 0 1 0 
1 0 0 1 0 
1 0 0 1 0 
1 0 0 1 0 
1 0 0 1 0 
1 6.2831853071795845 0 -1 0 
1 6.2831853071795862 0 -1 0 
1 6.2831853071795853 0 -1 0 
1 6.2831853071795853 0 -1 0 
1 0 0 1 0 
1 0 0 1 0 
1 0 0 1 0 
1 0 0 1 0 
1 6.2831853071795853 0 -1 0 
1 6.2831853071795862 0 -1 0 
1 6.2831853071795862 0 -1 0 
1 6.2831853071795862 0 -1 0 
1 0 0 1 0 
1 0 0 1 0 
1 0 0 1 0 
1 0 0 1 0 
1 6.2831853071795862 0 -1 0 
1 6.2831853071795871 0 -1 0 
1 6.2831853071795862 0 -1 0 
1 6.2831853071795845 0 -1 0 
1 0 0 1 0 
1 0 0 1 0 
1 0 0 1 0 
1 0 0 1 0 
1 6.2831853071795845 0 -1 0 
1 6.2831853071795862 0 -1 0 
1 6.2831853071795845 0 -1 0 
1 6.2831853071795853 0 -1 0 
1 0 0 1 0 
1 0 0 1 0 
1 0 0 1 0 
1 0 0 1 0 
1 0 0 1 0 
1 6.2831853071795889 0 -1 0 
1 6.2831853071795845 0 -1 0 
1 6.283185307179588 0 -1 0 
1 6.2831853071795827 0 -1 0 
1 0 0 1 0 
1 0 0 1 0 
1 0 0 1 0 
1 0 0 1 0 
1 0 0 1 0 
1 6.2831853071795889 0 -1 0 
1 6.2831853071795862 0 -1 0 
1 6.2831853071795862 0 -1 0 
1 6.283185307179588 0 -1 0 
1 0 0 1 0 
1 -3.5527136788005009e-15 0 1 0 
1 -2.2204460492503131e-15 0 1 0 
1 0 0 1 0 
1 -3.5527136788005009e-15 0 1 0 
1 8.8817841970012523e-16 0 1 0 
1 -8.8817841970012523e-16 0 1 0 
1 1.7763568394002505e-15 0 1 0 
1 0 0 1 0 
1 -4.4408920985006262e-16 0 1 0 
1 0 0 1 0 
1 0 0 1 0 
1 0 0 1 0 
1 8.8817841970012523e-16 0 1 0 
1 0 0 1 0 
1 0 0 1 0 
1 -4.4408920985006262e-16 0 1 0 
1 0 0 1 0 
1 0 0 1 0 
1 0 0 1 0 
1 0 0 1 0 
1 0 0 1 0 
1 0 0 1 0 
Curves 208
2 -60 29.000000015744263 0 0 0 1 3.8147391000000009e-07 0.99999999999992728 -0 -0.99999999999992728 3.8147391000000009e-07 0 0.99999999999766898
1 -38.350000000000364 30.000000015745627 0 -1 0 0 
2 -38.350000000014006 29.000000015741989 0 0 0 1 1 2.2737369999999998e-12 -0 -2.2737369999999998e-12 1 0 1.000000000004774
1 -37.349999999996726 27.900000015742989 0 -4.1340669999999999e-12 1 0 
2 -38.149999999995998 27.900000015742989 0 0 0 1 0 -1 0 1 0 -0 0.79999999999813498
1 -41.306928429048639 27.10000001575736 0 1 -7.2023699999999995e-13 0 
2 -41.306928429048639 26.006928444799087 0 0 0 -1 0 -1 0 -1 -0 -0 1.093071570949177
1 -37.874516686065363 21.028679754515451 0 -0.70710675537432743 0.7071068069987666 0 
2 -35.753196265072802 23.150000020607422 0 0 0 -1 0.70710680700331208 0.70710675536978207 0 0.70710675536978207 -0.70710680700331208 0 2.9999999999752438
1 -32.596803744172576 20.15000001589442 0 -1 1.5019490000000001e-09 0 
2 -32.596803739675124 23.150000015923524 0 0 0 -1 1.4991499999999999e-09 1 0 1 -1.4991499999999999e-09 0 3.0000000000178768
1 -26.270153222594672 25.234010152883002 0 -0.70710675537356316 -0.70710680699953099 0 
2 -27.043071570951724 26.006928444799087 0 0 0 -1 -0.70710680700414608 0.70710675536894807 0 0.70710675536894807 0.70710680700414608 0 1.093071570949177
1 -30.199999999999818 27.10000001575736 0 1 0 0 
2 -30.199999999999818 27.900000015754358 0 0 0 1 -0.99999999999954525 -9.5368477600000012e-07 0 9.5368477600000012e-07 -0.99999999999954525 0 0.80000000000168803
1 -30.999999999999091 29.000000015744263 0 0 -1 0 
2 -30 29.000000015744263 0 0 0 1 3.8147391000000009e-07 0.99999999999992728 -0 -0.99999999999992728 3.8147391000000009e-07 0 1.0000000000012219
1 -8.3499999999958163 30.000000015745627 0 -1 0 0 
2 -8.3500000000049113 29.000000015741989 0 0 0 1 1 2.2737369999999998e-12 -0 -2.2737369999999998e-12 1 0 1.000000000004774
1 -7.3499999999967258 27.900000015742989 0 -4.1340669999999999e-12 1 0 
2 -8.1500000000005457 27.900000015742989 0 0 0 1 0 -1 0 1 0 -0 0.79999999999813498
1 -11.306928429048639 27.10000001575736 0 1 -7.2023699999999995e-13 0 
2 -11.306928429048639 26.006928444799087 0 0 0 -1 0 -1 0 -1 -0 -0 1.093071570949177
1 -7.8745166860653626 21.028679754515451 0 -0.70710675537432743 0.7071068069987666 0 
2 -5.7531962650728019 23.150000020607422 0 0 0 -1 0.70710680700331208 0.70710675536978207 0 0.70710675536978207 -0.70710680700331208 0 2.9999999999752438
1 -2.5968037441680281 20.15000001589442 0 -1 1.5019489999999999e-09 0 
2 -2.5968037396751238 23.150000015923524 0 0 0 -1 1.4976350000000001e-09 1 0 1 -1.4976350000000001e-09 0 3.0000000000178768
1 3.7298467774053279 25.234010152883002 0 -0.70710675537356316 -0.70710680699953099 0 
2 2.956928429048276 26.006928444799087 0 0 0 -1 -0.70710680700414608 0.70710675536894807 0 0.70710675536894807 0.70710680700414608 0 1.093071570949177
1 -0.19999999999981799 27.10000001575736 0 1 0 0 
2 -0.19999999999981799 27.900000015754358 0 0 0 1 -0.99999999999954525 -9.5368477600000012e-07 0 9.5368477600000012e-07 -0.99999999999954525 0 0.79999999999813498
1 -0.99999999999909095 29.000000015744263 0 0 -1 0 
2 0 29.000000015744263 0 0 0 1 3.8147391000000009e-07 0.99999999999992728 -0 -0.99999999999992728 3.8147391000000009e-07 0 1.0000000000012219
1 21.650000000004184 30.000000015745627 0 -1 0 0 
2 21.649999999995089 29.000000015741989 0 0 0 1 1 2.2737369999999998e-12 -0 -2.2737369999999998e-12 1 0 1.000000000004774
1 22.650000000003274 27.899999252806538 0 -4.1340639999999997e-12 1 0 
2 21.850000000004002 27.900000015754358 0 0 0 1 0 -1 0 1 0 -0 0.80000000000168803
1 18.693071570951361 27.10000001575736 0 1 -7.2023699999999995e-13 0 
2 18.693071570951361 26.006928444799087 0 0 0 -1 0 -1 0 -1 -0 -0 1.093071570949177
1 22.125483318668557 21.028679749772436 0 -0.70710675537356316 0.70710680699953099 0 
2 24.246803739679308 23.150000015923524 0 0 0 -1 0.70710680699649109 0.70710675537660306 0 0.70710675537660306 -0.70710680699649109 0 3.0000000000178768
1 27.403196269556247 20.150000020635161 0 -1 -1.5019490000000001e-09 0 
2 27.403196265076986 23.150000020607422 0 0 0 -1 -1.4930869999999999e-09 1 0 1 1.4930869999999999e-09 0 2.9999999999752438
1 33.729846777405328 25.234010152883002 0 -0.70710675537471002 -0.70710680699838402 0 
2 32.956928429048276 26.006928444799087 0 0 0 -1 -0.70710680700414608 0.70710675536894807 0 0.70710675536894807 0.70710680700414608 0 1.093071570949177
1 29.800000000000182 27.100000015755086 0 1 7.2023699999999995e-13 0 
2 29.800000000000182 27.900000015742989 0 0 0 1 -1 0 0 0 -1 0 0.79999999999813498
1 29.000000000000909 29.000000015744263 0 0 -1 0 
2 30.000000000004547 29.000000015741989 0 0 0 1 -4.5474739999999997e-12 1 0 -1 -4.5474739999999997e-12 0 1.000000000004774
1 37.825000007869676 30.000000015745627 0 -1 0 0 
2 37.825000007865128 27.000000015741534 0 0 0 1 1 7.5791229999999996e-13 -0 -7.5791229999999996e-13 1 0 3.0000000000072191
1 40.825000007876042 19.175000389345769 0 0 1 0 
2 39.825000007876952 19.175000007871859 0 0 0 1 0 -1 0 1 0 -0 0.99999999999766898
1 38.724999244932405 18.175000007870494 0 1 8.2681279999999995e-12 0 
2 38.725000007871131 18.975000007878862 0 0 0 1 -1 0 0 0 -1 0 0.80000000000168803
1 37.925000007880953 22.131928436926955 0 -2.8809479999999998e-12 -1 0 
2 36.831928436927228 22.131928436922408 0 0 0 -1 -1 -4.1602709999999998e-12 -0 -4.1602709999999998e-12 1 0 1.093071570949177
1 31.853679741889209 18.699516689207485 0 0.70710680700029604 0.70710675537279799 0 
2 33.975000008044844 16.578196268201282 0 0 0 -1 0.70710675537811907 -0.70710680699497508 0 -0.70710680699497508 -0.70710675537811907 -0 3.0000000000178768
1 30.975000012758755 13.421803738312974 0 -1.5012289999999999e-09 1 0 
2 33.975000012756027 13.421803742805878 0 0 0 -1 1 1.4976350000000001e-09 0 1.4976350000000001e-09 -1 0 2.999999999996561
1 36.059010144999775 7.0951532304638931 0 -0.7071068069980021 0.70710675537509216 0 
2 36.831928436927228 7.8680715788277666 0 0 0 -1 0.70710675537102807 0.70710680700206607 0 0.70710680700206607 -0.70710675537102807 0 1.093071570952731
1 37.925000007871859 11.025000007880408 0 2.8809479999999998e-12 -1 0 
2 38.725000007871131 11.025000007880408 0 0 0 1 0 1 0 -1 0 0 0.79999999999813498
1 39.825000007876952 11.82500000787968 0 -1 -1.033517e-11 0 
2 39.825000007863309 10.825000007869221 0 0 0 1 1 1.1368680000000001e-11 -0 -1.1368680000000001e-11 1 0 1.000000000004774
1 40.825000007871495 2.9999999999995448 0 5.8114679999999997e-13 1 0 
2 37.825000007865128 2.9999999999995448 0 0 0 1 1.515825e-12 -1 0 1 1.515825e-12 -0 3.000000000003666
1 30.00000038147391 0 0 1 0 0 
2 30 0.99999999999909095 0 0 0 1 -1 0 0 0 -1 0 0.99999999999766898
1 28.999999999996362 2.1000007629413631 0 4.1340639999999997e-12 -1 0 
2 29.800000000000182 2.100000000002638 0 0 0 1 0 1 0 -1 0 0 0.80000000000168803
1 32.956928429048276 2.9000000000019099 0 -1 0 0 
2 32.956928429048276 3.993071570948814 0 0 0 -1 0 1 0 1 -0 0 1.093071570949177
1 29.524516681326531 8.9713202659731905 0 0.70710675537451906 -0.70710680699857509 0 
2 27.403196260324876 6.8499999998493877 0 0 0 -1 -0.70710680699952311 -0.70710675537357115 -0 -0.70710675537357115 0.70710680699952311 0 3.000000000003666
1 24.246803730434294 9.849999995115013 0 1 1.499788e-09 0 
2 24.246803734927198 6.849999995122289 0 0 0 -1 1.4976350000000001e-09 -1 0 -1 -1.4976350000000001e-09 -0 2.999999999996561
1 17.920153222589761 4.7659898628739938 0 0.70710675537451906 0.70710680699857509 0 
2 18.693071570951361 3.993071570948814 0 0 0 -1 0.70710680700206607 -0.70710675537102807 0 -0.70710675537102807 -0.70710680700206607 -0 1.093071570949177
1 21.850000000004002 2.9000000000019099 0 -1 0 0 
2 21.850000000004002 2.100000000002638 0 0 0 1 1 0 -0 -0 1 0 0.79999999999813498
1 22.649999999998727 0.99999999999909095 0 0 1 0 
2 21.649999999995089 1.0000000000150071 0 0 0 1 9.0949470000000004e-12 -1 0 1 9.0949470000000004e-12 -0 1.000000000004774
1 0 0 0 1 0 0 
2 4.5474739999999997e-12 1.0000000000150071 0 0 0 1 -1 -1.5916160000000002e-11 0 1.5916160000000002e-11 -1 0 1.000000000008328
1 -0.99999999999909095 2.100000000002638 0 0 -1 0 
2 -0.19999999999981799 2.100000000002638 0 0 0 1 0 1 0 -1 0 0 0.79999999999813498
1 2.956928429048276 2.9000000000019099 0 -1 0 0 
2 2.956928429048276 3.993071570948814 0 0 0 -1 0 1 0 1 -0 0 1.093071570949177
1 -0.47548331394409599 8.9713202612392706 0 0.70710675537490109 -0.70710680699819306 0 
2 -2.5968037349321089 6.849999995122289 0 0 0 -1 -0.70710680699838613 -0.70710675537470813 -0 -0.70710675537470813 0.70710680699838613 0 2.9999999999965601
1 -5.7531962558277883 9.8499999998489329 0 1 -1.499788e-09 0 
2 -5.753196260329787 6.8499999998493877 0 0 0 -1 -1.5006659999999999e-09 -1 -0 -1 1.5006659999999999e-09 0 3.000000000003666
1 -12.079846777410239 4.7659898628739938 0 0.70710675537451906 0.70710680699857509 0 
2 -11.306928429048639 3.993071570948814 0 0 0 -1 0.70710680700206607 -0.70710675537102807 0 -0.70710675537102807 -0.70710680700206607 -0 1.093071570949177
1 -8.1500000000005457 2.9000000000019099 0 -1 0 0 
2 -8.1500000000005457 2.100000000002638 0 0 0 1 0.99999999999954525 9.5367340700000017e-07 -0 -9.5367340700000017e-07 0.99999999999954525 0 0.80000000000168803
1 -7.3500000000012733 0.99999999999909095 0 0 1 0 
2 -8.3499999999958163 0.99999999999909095 0 0 0 1 -3.8147391000000009e-07 -0.99999999999992728 0 0.99999999999992728 -3.8147391000000009e-07 0 0.99999999999766898
1 -30 0 0 1 0 0 
2 -29.999999999995453 1.0000000000150071 0 0 0 1 -1 -1.5916160000000002e-11 0 1.5916160000000002e-11 -1 0 1.000000000008328
1 -30.999999999999091 2.100000000002638 0 0 -1 0 
2 -30.199999999999818 2.100000000002638 0 0 0 1 0 1 0 -1 0 0 0.79999999999813498
1 -27.043071570951724 2.9000000000019099 0 -1 7.2023699999999995e-13 0 
2 -27.043071570951724 3.993071570948814 0 0 0 -1 0 1 0 1 -0 0 1.093071570949177
1 -30.475483313944096 8.9713202612392706 0 0.70710675537490109 -0.70710680699819306 0 
2 -32.596803734932109 6.849999995122289 0 0 0 -1 -0.70710680699838613 -0.70710675537470813 -0 -0.70710675537470813 0.70710680699838613 0 2.9999999999965601
1 -35.753196255827788 9.8499999998489329 0 1 -1.499788e-09 0 
2 -35.753196260329787 6.8499999998493877 0 0 0 -1 -1.5006659999999999e-09 -1 -0 -1 1.5006659999999999e-09 0 3.000000000003666
1 -42.079846777410239 4.7659898628739938 0 0.70710675537451906 0.70710680699857509 0 
2 -41.306928429048639 3.993071570948814 0 0 0 -1 0.70710680700206607 -0.70710675537102807 0 -0.70710675537102807 -0.70710680700206607 -0 1.093071570949177
1 -38.149999999995998 2.9000000000019099 0 -1 0 0 
2 -38.149999999995998 2.100000000002638 0 0 0 1 0.99999999999954525 9.5367340700000017e-07 -0 -9.5367340700000017e-07 0.99999999999954525 0 0.79999999999813498
1 -37.350000000001273 0.99999999999909095 0 4.1340639999999997e-12 1 0 
2 -38.350000000000364 0.99999999999909095 0 0 0 1 -3.8146936300000011e-07 -0.99999999999992728 0 0.99999999999992728 -3.8146936300000011e-07 0 0.99999999999766898
1 -60 0 0 1 0 0 
2 -59.999999999995453 1.0000000000150071 0 0 0 1 -1 -1.5916160000000002e-11 0 1.5916160000000002e-11 -1 0 1.000000000004774
1 -60.999999999999091 2.100000000002638 0 0 -1 0 
2 -60.199999999999818 2.100000000002638 0 0 0 1 0 1 0 -1 0 0 0.79999999999813498
1 -57.043071570951724 2.9000000000019099 0 -1 0 0 
2 -57.043071570951724 3.993071570948814 0 0 0 -1 0 1 0 1 -0 0 1.093071570949177
1 -60.475483313944096 8.9713202612392706 0 0.70710675537490109 -0.70710680699819306 0 
2 -62.596803734932109 6.849999995122289 0 0 0 -1 -0.70710680699838613 -0.70710675537470813 -0 -0.70710675537470813 0.70710680699838613 0 2.9999999999965601
1 -65.753196255827788 9.8499999998489329 0 1 -1.499788e-09 0 
2 -65.753196260329787 6.8499999998493877 0 0 0 -1 -1.5006659999999999e-09 -1 -0 -1 1.5006659999999999e-09 0 3.000000000003666
1 -72.079846777410239 4.7659898628739938 0 0.70710675537451906 0.70710680699857509 0 
2 -71.306928429048639 3.9930715709556348 0 0 0 -1 0.70710680700518613 -0.70710675536790812 0 -0.70710675536790812 -0.70710680700518613 -0 1.093071570952731
1 -68.149999999995998 2.9000000000019099 0 -1 0 0 
2 -68.149999999995998 2.100000000002638 0 0 0 1 0.99999999999954525 9.5367340700000017e-07 -0 -9.5367340700000017e-07 0.99999999999954525 0 0.79999999999813498
1 -67.350000000005821 0.99999999999909095 0 4.1340639999999997e-12 1 0 
2 -68.349999999995816 0.99999999999909095 0 0 0 1 -3.8147391000000009e-07 -0.99999999999992728 0 0.99999999999992728 -3.8147391000000009e-07 0 0.99999999999411704
1 -76.175000007874587 0 0 1 0 0 
2 -76.17500000787004 2.9999999999995448 0 0 0 1 -1 0 0 0 -1 0 3.000000000003666
1 -79.175000007871859 10.82500000788059 0 0 -1 0 
2 -78.175000007868221 10.825000007869221 0 0 0 1 -4.5474739999999997e-12 1 0 -1 -4.5474739999999997e-12 0 1.000000000008328
1 -77.075000007876042 11.82500000787968 0 -1 -1.033517e-11 0 
2 -77.075000007876042 11.025000007880408 0 0 0 1 1 0 -0 -0 1 0 0.79999999999813498
1 -76.27500000787677 7.8680715788209454 0 0 1 0 
2 -75.181928436927592 7.8680715788277666 0 0 0 -1 1 6.2404060000000002e-12 0 6.2404060000000002e-12 -1 0 1.093071570952731
1 -70.203679746641683 11.300483321813317 0 -0.70710680699723705 -0.70710675537585699 0 
2 -72.325000012756391 13.421803742805878 0 0 0 -1 -0.70710675537357115 0.70710680699952311 0 0.70710680699952311 0.70710675537357115 0 2.999999999996561
1 -69.325000008029747 16.578196263710652 0 -1.498347e-09 -1 0 
2 -72.325000008040661 16.578196268201282 0 0 0 -1 -1 1.496877e-09 0 1.496877e-09 1 0 3.0000000000178768
1 -74.409010144995591 22.904846785277186 0 0.70710680699761952 -0.70710675537547441 0 
2 -75.181928436927592 22.131928436922408 0 0 0 -1 -0.70710675537726808 -0.70710680699582606 -0 -0.70710680699582606 0.70710675537726808 0 1.093071570949177
1 -76.27500000787677 18.975000007878862 0 0 1 0 
2 -77.075000007876042 18.975000007878862 0 0 0 1 9.5367340700000017e-07 -0.99999999999954525 0 0.99999999999954525 9.5367340700000017e-07 -0 0.79999999999813498
1 -78.175000007872768 18.175000007879589 0 1 0 0 
2 -78.17500000788641 19.175000007871859 0 0 0 1 -0.99999999999992728 3.8147391000000009e-07 0 -3.8147391000000009e-07 -0.99999999999992728 0 0.99999999999411704
1 -79.175000007871859 27.000000015743808 0 0 -1 0 
2 -76.17500000787004 27.000000015741534 0 0 0 1 -1.515825e-12 1 0 -1 -1.515825e-12 0 3.0000000000072191
1 -68.349999999995816 30.000000015745627 0 -1 0 0 
2 -68.350000000004911 29.000000015741989 0 0 0 1 1 2.2737369999999998e-12 -0 -2.2737369999999998e-12 1 0 1.000000000004774
1 -67.350000000001273 27.900000015742989 0 0 1 0 
2 -68.149999999995998 27.900000015742989 0 0 0 1 0 -1 0 1 0 -0 0.79999999999813498
1 -71.306928429048639 27.10000001575736 0 1 -7.2023699999999995e-13 0 
2 -71.306928429048639 26.006928444799087 0 0 0 -1 0 -1 0 -1 -0 -0 1.093071570949177
1 -67.874516686065363 21.028679754515451 0 -0.70710675537432743 0.7071068069987666 0 
2 -65.753196265077349 23.150000020607422 0 0 0 -1 0.70710680700255402 0.70710675537054002 0 0.70710675537054002 -0.70710680700255402 0 2.9999999999752438
1 -62.596803744168028 20.15000001589442 0 -1 1.5019489999999999e-09 0 
2 -62.596803739675124 23.150000015923524 0 0 0 -1 1.4976350000000001e-09 1 0 1 -1.4976350000000001e-09 0 3.0000000000178768
1 -56.270153222594672 25.234010152883002 0 -0.70710675537356316 -0.70710680699953099 0 
2 -57.043071570951724 26.006928444799087 0 0 0 -1 -0.70710680700414608 0.70710675536894807 0 0.70710675536894807 0.70710680700414608 0 1.093071570949177
1 -60.199999999999818 27.10000001575736 0 1 0 0 
2 -60.199999999999818 27.900000015754358 0 0 0 1 -0.99999999999954525 -9.5368477600000012e-07 0 9.5368477600000012e-07 -0.99999999999954525 0 0.79999999999813498
1 -60.999999999999091 29.000000015744263 0 0 -1 0 
2 -49.175000000004729 24.842409270834196 0 0 0 1 -0.70710675537679313 -0.70710680699630113 0 0.70710680699630113 -0.70710675537679313 0 1.999999999998892
1 -50.589213510752415 26.256622884825447 0 -0.70710680699844508 -0.70710675537464907 0 
2 -56.024999987243973 16.578196272948844 0 0 0 1 0.70710675537508716 -0.7071068069980071 0 0.7071068069980071 0.70710675537508716 -0 2.9999999999965601
1 -59.024999987241245 16.5781962774372 0 -1.5012290000000003e-09 -1 0 
2 -56.024999991955156 13.421803747551166 0 0 0 1 1 -1.4976350000000001e-09 0 1.4976350000000001e-09 1 -0 3.0000000000178768
1 -58.146320258110791 11.30048332654269 0 0.70710680699919004 -0.70710675537390399 0 
2 -49.175000000004729 5.1575907449250744 0 0 0 1 0.70710675537281364 0.70710680700028061 -0 -0.70710680700028061 0.70710675537281364 0 1.999999999998892
1 -47.760786489252496 3.7433771309224522 0 0.70710680699897699 0.70710675537411705 0 
2 -42.325000008040661 13.421803747551166 0 0 0 1 -0.70710675537546608 0.70710680699762807 0 -0.70710680699762807 -0.70710675537546608 0 3.0000000000178768
1 -39.325000008029747 13.42180375204407 0 -1.498347e-09 1 0 
2 -42.325000012756391 16.578196272948844 0 0 0 1 -1 -1.4961190000000001e-09 0 1.4961190000000001e-09 -1 0 2.999999999996561
1 -40.203679746641683 18.699516693936857 0 -0.70710680699844508 0.70710675537464907 0 
2 -19.174999999995634 24.842409270834196 0 0 0 1 -0.70710675537451906 -0.70710680699857509 0 0.70710680699857509 -0.70710675537451906 0 1.999999999998892
1 -20.589213510752415 26.256622884825447 0 -0.70710680699844508 -0.70710675537464907 0 
2 -26.024999987243973 16.578196272948844 0 0 0 1 0.70710675537508716 -0.7071068069980071 0 0.7071068069980071 0.70710675537508716 -0 2.9999999999965601
1 -29.024999987241245 16.5781962774372 0 -1.5012290000000003e-09 -1 0 
2 -26.024999991955156 13.421803747551166 0 0 0 1 1 -1.4976350000000001e-09 0 1.4976350000000001e-09 1 -0 3.00000000002143
1 -28.146320258110791 11.30048332654269 0 0.70710680699919004 -0.70710675537390399 0 
2 -19.174999999995634 5.1575907449250744 0 0 0 1 0.70710675537508716 0.7071068069980071 -0 -0.7071068069980071 0.70710675537508716 0 1.999999999998892
1 -17.760786489252496 3.7433771309224522 0 0.70710680699897699 0.70710675537411705 0 
2 -12.325000008040661 13.421803747551166 0 0 0 1 -0.70710675537546608 0.70710680699762807 0 -0.70710680699762807 -0.70710675537546608 0 3.0000000000178768
1 -9.3250000080297468 13.42180375204407 0 -1.5012290000000003e-09 1 0 
2 -12.325000012756391 16.578196272948844 0 0 0 1 -1 -1.4961190000000001e-09 0 1.4961190000000001e-09 -1 0 2.9999999999930091
1 -10.203679746641683 18.699516693936857 0 -0.70710680699844508 0.70710675537464907 0 
2 10.825000000004366 24.842409270834196 0 0 0 1 -0.70710675537451906 -0.70710680699857509 0 0.70710680699857509 -0.70710675537451906 0 1.999999999998892
1 9.4107864892475845 26.256622884825443 0 -0.70710680699844508 -0.70710675537464907 0 
2 3.975000012756027 16.578196272948844 0 0 0 1 0.70710675537508716 -0.7071068069980071 0 0.7071068069980071 0.70710675537508716 -0 2.9999999999965601
1 0.97500001275875503 16.5781962774372 0 -1.5012290000000003e-09 -1 0 
2 3.975000008044844 13.421803747551166 0 0 0 1 1 -1.4976350000000001e-09 0 1.4976350000000001e-09 1 -0 3.0000000000178768
1 1.8536797418892099 11.300483326542691 0 0.70710680699919004 -0.70710675537390399 0 
2 10.825000000004366 5.1575907449250744 0 0 0 1 0.70710675537508716 0.7071068069980071 -0 -0.7071068069980071 0.70710675537508716 0 1.999999999998892
1 12.239213510747506 3.7433771309224531 0 0.707106806998126 0.70710675537496803 0 
2 17.674999991959339 13.421803747551166 0 0 0 1 -0.70710675537243506 0.70710680700065909 0 -0.70710680700065909 -0.70710675537243506 0 3.0000000000178781
1 20.674999991970253 13.42180375204407 0 -1.498347e-09 1 0 
2 17.674999987243609 16.578196272948844 0 0 0 1 -1 -1.4961190000000001e-09 0 1.4961190000000001e-09 -1 0 2.999999999996561
1 19.796320253358317 18.699516693930036 0 -0.707106806998126 0.70710675537496803 0 
2 -64.174999999995634 15.000000015745627 0 0 0 1 -1 0 0 0 -1 0 2.4499999999996191
2 -4.1749999999956344 15.000000015745627 0 0 0 1 -1 0 0 0 -1 0 2.4499999999996191
2 25.825000000004366 15.000000015745627 0 0 0 1 -1 0 0 0 -1 0 2.4499999999996191
2 -34.174999999995634 15.000000015745627 0 0 0 1 -1 0 0 0 -1 0 2.4499999999996191
Polygon3D 0
PolygonOnTriangulations 0
Surfaces 209
1 -19.174999999982994 15.000000007860265 0 0 0 1 1 0 -0 -0 1 0 
2 -60 29.000000015744263 0 0 0 1 3.8147391000000009e-07 0.99999999999992728 -0 -0.99999999999992728 3.8147391000000009e-07 0 0.99999999999766898
1 -59.99999961852609 30.000000015745627 0 0 1 0 0 -0 1 1 0 -0 
2 -38.350000000014006 29.000000015741989 0 0 0 1 1 2.2737369999999998e-12 -0 -2.2737369999999998e-12 1 0 1.000000000004774
1 -37.350000000001273 29.000000015744263 0 1 4.1340669999999999e-12 0 0 0 -1 -4.1340669999999999e-12 1 0 
2 -38.149999999995998 27.900000015742989 0 0 0 1 0 -1 0 1 0 -0 0.79999999999813498
1 -38.149999999995998 27.100000015755086 0 -7.2023699999999995e-13 -1 0 -0 0 -1 1 -7.2023699999999995e-13 -0 
2 -41.306928429048639 26.006928444799087 0 0 0 1 0 -1 0 1 0 -0 1.093071570949177
1 -42.079846777410239 25.234010152883002 0 0.70710680699876616 0.7071067553743281 0 0 0 -1 -0.7071067553743281 0.70710680699876616 0 
2 -35.753196265072802 23.150000020607422 0 0 0 1 0.70710680700331208 0.70710675536978207 -0 -0.70710675536978207 0.70710680700331208 0 2.9999999999752438
1 -35.753196269574801 20.150000020635161 0 1.5019490000000001e-09 1 0 0 -0 1 1 -1.5019490000000001e-09 -0 
2 -32.596803739675124 23.150000015923524 0 0 0 1 1.4991499999999999e-09 1 -0 -1 1.4991499999999999e-09 0 3.0000000000178768
1 -30.475483318673469 21.028679749772436 0 -0.7071068069995311 0.70710675537356316 0 0 0 1 0.70710675537356316 0.7071068069995311 -0 
2 -27.043071570951724 26.006928444799087 0 0 0 1 -0.70710680700414608 0.70710675536894807 0 -0.70710675536894807 -0.70710680700414608 0 1.093071570949177
1 -27.043071570951724 27.10000001575736 0 0 -1 0 0 0 -1 1 0 0 
2 -30.199999999999818 27.900000015754358 0 0 0 1 -0.99999999999954525 -9.5368477600000012e-07 0 9.5368477600000012e-07 -0.99999999999954525 0 0.80000000000168803
1 -30.999999999999091 27.899999252806538 0 -1 0 0 0 0 1 0 1 -0 
2 -30 29.000000015744263 0 0 0 1 3.8147391000000009e-07 0.99999999999992728 -0 -0.99999999999992728 3.8147391000000009e-07 0 1.0000000000012219
1 -29.99999961852609 30.000000015745627 0 0 1 0 0 -0 1 1 0 -0 
2 -8.3500000000049113 29.000000015741989 0 0 0 1 1 2.2737369999999998e-12 -0 -2.2737369999999998e-12 1 0 1.000000000004774
1 -7.3500000000012733 29.000000015744263 0 1 4.1340669999999999e-12 0 0 0 -1 -4.1340669999999999e-12 1 0 
2 -8.1500000000005457 27.900000015742989 0 0 0 1 0 -1 0 1 0 -0 0.79999999999813498
1 -8.1500000000005457 27.100000015755086 0 -7.2023699999999995e-13 -1 0 -0 0 -1 1 -7.2023699999999995e-13 -0 
2 -11.306928429048639 26.006928444799087 0 0 0 1 0 -1 0 1 0 -0 1.093071570949177
1 -12.079846777410239 25.234010152883002 0 0.70710680699876616 0.7071067553743281 0 0 0 -1 -0.7071067553743281 0.70710680699876616 0 
2 -5.7531962650728019 23.150000020607422 0 0 0 1 0.70710680700331208 0.70710675536978207 -0 -0.70710675536978207 0.70710680700331208 0 2.9999999999752438
1 -5.7531962695657057 20.150000020635161 0 1.5019490000000001e-09 1 0 0 -0 1 1 -1.5019490000000001e-09 -0 
2 -2.5968037396751238 23.150000015923524 0 0 0 1 1.4976350000000001e-09 1 -0 -1 1.4976350000000001e-09 0 3.0000000000178768
1 -0.47548331867346899 21.028679749772436 0 -0.7071068069995311 0.70710675537356316 0 0 0 1 0.70710675537356316 0.7071068069995311 -0 
2 2.956928429048276 26.006928444799087 0 0 0 1 -0.70710680700414608 0.70710675536894807 0 -0.70710675536894807 -0.70710680700414608 0 1.093071570949177
1 2.956928429048276 27.10000001575736 0 0 -1 0 0 0 -1 1 0 0 
2 -0.19999999999981799 27.900000015754358 0 0 0 1 -0.99999999999954525 -9.5368477600000012e-07 0 9.5368477600000012e-07 -0.99999999999954525 0 0.79999999999813498
1 -0.99999999999909095 27.899999252806538 0 -1 0 0 0 0 1 0 1 -0 
2 0 29.000000015744263 0 0 0 1 3.8147391000000009e-07 0.99999999999992728 -0 -0.99999999999992728 3.8147391000000009e-07 0 1.0000000000012219
1 3.8147390999999998e-07 30.000000015745627 0 0 1 0 0 -0 1 1 0 -0 
2 21.649999999995089 29.000000015741989 0 0 0 1 1 2.2737369999999998e-12 -0 -2.2737369999999998e-12 1 0 1.000000000004774
1 22.649999999998727 29.000000015744263 0 1 4.1340639999999997e-12 0 0 0 -1 -4.1340639999999997e-12 1 0 
2 21.850000000004002 27.900000015754358 0 0 0 1 0 -1 0 1 0 -0 0.80000000000168803
1 21.850000000004002 27.100000015755086 0 -7.2023699999999995e-13 -1 0 -0 0 -1 1 -7.2023699999999995e-13 -0 
2 18.693071570951361 26.006928444799087 0 0 0 1 0 -1 0 1 0 -0 1.093071570949177
1 17.920153222589761 25.234010152883002 0 0.7071068069995311 0.70710675537356316 0 0 0 -1 -0.70710675537356316 0.7071068069995311 0 
2 24.246803739679308 23.150000015923524 0 0 0 1 0.70710680699649109 0.70710675537660306 -0 -0.70710675537660306 0.70710680699649109 0 3.0000000000178768
1 24.246803744163117 20.15000001589442 0 -1.5019490000000001e-09 1 0 0 0 1 1 1.5019490000000001e-09 -0 
2 27.403196265076986 23.150000020607422 0 0 0 1 -1.4930869999999999e-09 1 0 -1 -1.4930869999999999e-09 0 2.9999999999752438
1 29.524516686055904 21.028679754515451 0 -0.70710680699838402 0.70710675537471002 0 0 0 1 0.70710675537471002 0.70710680699838402 -0 
2 32.956928429048276 26.006928444799087 0 0 0 1 -0.70710680700414608 0.70710675536894807 0 -0.70710675536894807 -0.70710680700414608 0 1.093071570949177
1 32.956928429048276 27.10000001575736 0 7.2023699999999995e-13 -1 0 0 0 -1 1 7.2023699999999995e-13 0 
2 29.800000000000182 27.900000015742989 0 0 0 1 -1 0 0 0 -1 0 0.79999999999813498
1 29.000000000000909 27.900000015742989 0 -1 0 0 0 0 1 0 1 -0 
2 30.000000000004547 29.000000015741989 0 0 0 1 -4.5474739999999997e-12 1 0 -1 -4.5474739999999997e-12 0 1.000000000004774
1 30 30.000000015745627 0 0 1 0 0 -0 1 1 0 -0 
2 37.825000007865128 27.000000015741534 0 0 0 1 1 7.5791229999999996e-13 -0 -7.5791229999999996e-13 1 0 3.0000000000072191
1 40.825000007876042 27.000000015743808 0 1 0 0 0 0 -1 -0 1 0 
2 39.825000007876952 19.175000007871859 0 0 0 1 0 -1 0 1 0 -0 0.99999999999766898
1 39.825000007876952 18.175000007879589 0 8.2681279999999995e-12 -1 0 0 0 -1 1 8.2681279999999995e-12 0 
2 38.725000007871131 18.975000007878862 0 0 0 1 -1 0 0 0 -1 0 0.80000000000168803
1 37.925000007871859 18.975000007878862 0 -1 2.8809479999999998e-12 0 0 0 1 2.8809479999999998e-12 1 -0 
2 36.831928436927228 22.131928436922408 0 0 0 1 -1 -4.1602709999999998e-12 0 4.1602709999999998e-12 -1 0 1.093071570949177
1 36.059010144999775 22.904846785277186 0 0.7071067553727981 -0.70710680700029616 0 0 0 -1 0.70710680700029616 0.7071067553727981 0 
2 33.975000008044844 16.578196268201282 0 0 0 1 0.70710675537811907 -0.70710680699497508 0 0.70710680699497508 0.70710675537811907 -0 3.0000000000178768
1 30.975000008020288 16.578196263710652 0 1 1.5012290000000001e-09 0 0 0 -1 -1.5012290000000001e-09 1 0 
2 33.975000012756027 13.421803742805878 0 0 0 1 1 1.4976350000000001e-09 -0 -1.4976350000000001e-09 1 0 2.999999999996561
1 31.853679746636772 11.300483321813317 0 0.70710675537509216 0.7071068069980021 0 0 0 -1 -0.7071068069980021 0.70710675537509216 0 
2 36.831928436927228 7.8680715788277666 0 0 0 1 0.70710675537102807 0.70710680700206607 -0 -0.70710680700206607 0.70710675537102807 0 1.093071570952731
1 37.925000007880953 7.8680715788209454 0 -1 -2.8809479999999998e-12 0 0 0 1 -2.8809479999999998e-12 1 0 
2 38.725000007871131 11.025000007880408 0 0 0 1 0 1 0 -1 0 0 0.79999999999813498
1 38.725000007871131 11.825000007868312 0 -1.033517e-11 1 0 0 0 1 1 1.033517e-11 -0 
2 39.825000007863309 10.825000007869221 0 0 0 1 1 1.1368680000000001e-11 -0 -1.1368680000000001e-11 1 0 1.000000000004774
1 40.825000007876042 10.82500000788059 0 1 -5.8114679999999997e-13 0 0 0 -1 5.8114679999999997e-13 1 0 
2 37.825000007865128 2.9999999999995448 0 0 0 1 1.515825e-12 -1 0 1 1.515825e-12 -0 3.000000000003666
1 37.825000007869676 0 0 0 -1 0 0 0 -1 1 0 0 
2 30 0.99999999999909095 0 0 0 1 -1 0 0 0 -1 0 0.99999999999766898
1 29.000000000000909 0.99999999999909095 0 -1 -4.1340639999999997e-12 0 0 0 1 -4.1340639999999997e-12 1 0 
2 29.800000000000182 2.100000000002638 0 0 0 1 0 1 0 -1 0 0 0.80000000000168803
1 29.800000000000182 2.9000000000019099 0 0 1 0 0 -0 1 1 0 -0 
2 32.956928429048276 3.993071570948814 0 0 0 1 0 1 0 -1 0 0 1.093071570949177
1 33.729846777405328 4.7659898628739938 0 -0.70710680699857509 -0.70710675537451906 0 0 0 1 -0.70710675537451906 0.70710680699857509 0 
2 27.403196260324876 6.8499999998493877 0 0 0 1 -0.70710680699952311 -0.70710675537357115 0 0.70710675537357115 -0.70710680699952311 0 3.000000000003666
1 27.403196255831972 9.8499999998489329 0 1.499788e-09 -1 0 0 0 -1 1 1.499788e-09 0 
2 24.246803734927198 6.849999995122289 0 0 0 1 1.4976350000000001e-09 -1 0 1 1.4976350000000001e-09 -0 2.999999999996561
1 22.125483313934637 8.9713202612392706 0 0.70710680699857509 -0.70710675537451906 0 0 0 -1 0.70710675537451906 0.70710680699857509 0 
2 18.693071570951361 3.993071570948814 0 0 0 1 0.70710680700206607 -0.70710675537102807 0 0.70710675537102807 0.70710680700206607 -0 1.093071570949177
1 18.693071570951361 2.9000000000019099 0 0 1 0 0 -0 1 1 0 -0 
2 21.850000000004002 2.100000000002638 0 0 0 1 1 0 -0 -0 1 0 0.79999999999813498
1 22.649999999998727 2.100000000002638 0 1 0 0 0 0 -1 -0 1 0 
2 21.649999999995089 1.0000000000150071 0 0 0 1 9.0949470000000004e-12 -1 0 1 9.0949470000000004e-12 -0 1.000000000004774
1 21.650000000004184 0 0 0 -1 0 0 0 -1 1 0 0 
2 4.5474739999999997e-12 1.0000000000150071 0 0 0 1 -1 -1.5916160000000002e-11 0 1.5916160000000002e-11 -1 0 1.000000000008328
1 -0.99999999999909095 0.99999999999909095 0 -1 0 0 0 0 1 0 1 -0 
2 -0.19999999999981799 2.100000000002638 0 0 0 1 0 1 0 -1 0 0 0.79999999999813498
1 -0.19999999999981799 2.9000000000019099 0 0 1 0 0 -0 1 1 0 -0 
2 2.956928429048276 3.993071570948814 0 0 0 1 0 1 0 -1 0 0 1.093071570949177
1 3.7298467774053279 4.7659898628739938 0 -0.70710680699819306 -0.70710675537490109 0 0 0 1 -0.70710675537490109 0.70710680699819306 0 
2 -2.5968037349321089 6.849999995122289 0 0 0 1 -0.70710680699838613 -0.70710675537470813 0 0.70710675537470813 -0.70710680699838613 0 2.9999999999965601
1 -2.596803730443753 9.849999995115013 0 -1.499788e-09 -1 0 -0 0 -1 1 -1.499788e-09 -0 
2 -5.753196260329787 6.8499999998493877 0 0 0 1 -1.5006659999999999e-09 -1 0 1 -1.5006659999999999e-09 0 3.000000000003666
1 -7.8745166813314427 8.9713202659731905 0 0.70710680699857509 -0.70710675537451906 0 0 0 -1 0.70710675537451906 0.70710680699857509 0 
2 -11.306928429048639 3.993071570948814 0 0 0 1 0.70710680700206607 -0.70710675537102807 0 0.70710675537102807 0.70710680700206607 -0 1.093071570949177
1 -11.306928429048639 2.9000000000019099 0 0 1 0 0 -0 1 1 0 -0 
2 -8.1500000000005457 2.100000000002638 0 0 0 1 0.99999999999954525 9.5367340700000017e-07 -0 -9.5367340700000017e-07 0.99999999999954525 0 0.80000000000168803
1 -7.3500000000012733 2.1000007629413631 0 1 0 0 0 0 -1 -0 1 0 
2 -8.3499999999958163 0.99999999999909095 0 0 0 1 -3.8147391000000009e-07 -0.99999999999992728 0 0.99999999999992728 -3.8147391000000009e-07 0 0.99999999999766898
1 -8.3500003814697266 0 0 0 -1 0 0 0 -1 1 0 0 
2 -29.999999999995453 1.0000000000150071 0 0 0 1 -1 -1.5916160000000002e-11 0 1.5916160000000002e-11 -1 0 1.000000000008328
1 -30.999999999999091 0.99999999999909095 0 -1 0 0 0 0 1 0 1 -0 
2 -30.199999999999818 2.100000000002638 0 0 0 1 0 1 0 -1 0 0 0.79999999999813498
1 -30.199999999999818 2.9000000000041841 0 7.2023699999999995e-13 1 0 0 -0 1 1 -7.2023699999999995e-13 -0 
2 -27.043071570951724 3.993071570948814 0 0 0 1 0 1 0 -1 0 0 1.093071570949177
1 -26.270153222594672 4.7659898628739938 0 -0.70710680699819306 -0.70710675537490109 0 0 0 1 -0.70710675537490109 0.70710680699819306 0 
2 -32.596803734932109 6.849999995122289 0 0 0 1 -0.70710680699838613 -0.70710675537470813 0 0.70710675537470813 -0.70710680699838613 0 2.9999999999965601
1 -32.596803730443753 9.849999995115013 0 -1.499788e-09 -1 0 -0 0 -1 1 -1.499788e-09 -0 
2 -35.753196260329787 6.8499999998493877 0 0 0 1 -1.5006659999999999e-09 -1 0 1 -1.5006659999999999e-09 0 3.000000000003666
1 -37.874516681331443 8.9713202659731905 0 0.70710680699857509 -0.70710675537451906 0 0 0 -1 0.70710675537451906 0.70710680699857509 0 
2 -41.306928429048639 3.993071570948814 0 0 0 1 0.70710680700206607 -0.70710675537102807 0 0.70710675537102807 0.70710680700206607 -0 1.093071570949177
1 -41.306928429048639 2.9000000000019099 0 0 1 0 0 -0 1 1 0 -0 
2 -38.149999999995998 2.100000000002638 0 0 0 1 0.99999999999954525 9.5367340700000017e-07 -0 -9.5367340700000017e-07 0.99999999999954525 0 0.79999999999813498
1 -37.349999999996726 2.1000007629413631 0 1 -4.1340639999999997e-12 0 0 0 -1 4.1340639999999997e-12 1 0 
2 -38.350000000000364 0.99999999999909095 0 0 0 1 -3.8146936300000011e-07 -0.99999999999992728 0 0.99999999999992728 -3.8146936300000011e-07 0 0.99999999999766898
1 -38.350000381469727 0 0 0 -1 0 0 0 -1 1 0 0 
2 -59.999999999995453 1.0000000000150071 0 0 0 1 -1 -1.5916160000000002e-11 0 1.5916160000000002e-11 -1 0 1.000000000004774
1 -60.999999999999091 0.99999999999909095 0 -1 0 0 0 0 1 0 1 -0 
2 -60.199999999999818 2.100000000002638 0 0 0 1 0 1 0 -1 0 0 0.79999999999813498
1 -60.199999999999818 2.9000000000019099 0 0 1 0 0 -0 1 1 0 -0 
2 -57.043071570951724 3.993071570948814 0 0 0 1 0 1 0 -1 0 0 1.093071570949177
1 -56.270153222594672 4.7659898628739938 0 -0.70710680699819306 -0.70710675537490109 0 0 0 1 -0.70710675537490109 0.70710680699819306 0 
2 -62.596803734932109 6.849999995122289 0 0 0 1 -0.70710680699838613 -0.70710675537470813 0 0.70710675537470813 -0.70710680699838613 0 2.9999999999965601
1 -62.596803730443753 9.849999995115013 0 -1.499788e-09 -1 0 -0 0 -1 1 -1.499788e-09 -0 
2 -65.753196260329787 6.8499999998493877 0 0 0 1 -1.5006659999999999e-09 -1 0 1 -1.5006659999999999e-09 0 3.000000000003666
1 -67.874516681331443 8.9713202659731905 0 0.70710680699857509 -0.70710675537451906 0 0 0 -1 0.70710675537451906 0.70710680699857509 0 
2 -71.306928429048639 3.9930715709556348 0 0 0 1 0.70710680700518613 -0.70710675536790812 0 0.70710675536790812 0.70710680700518613 -0 1.093071570952731
1 -71.306928429048639 2.9000000000019099 0 0 1 0 0 -0 1 1 0 -0 
2 -68.149999999995998 2.100000000002638 0 0 0 1 0.99999999999954525 9.5367340700000017e-07 -0 -9.5367340700000017e-07 0.99999999999954525 0 0.79999999999813498
1 -67.350000000001273 2.1000007629413631 0 1 -4.1340639999999997e-12 0 0 0 -1 4.1340639999999997e-12 1 0 
2 -68.349999999995816 0.99999999999909095 0 0 0 1 -3.8147391000000009e-07 -0.99999999999992728 0 0.99999999999992728 -3.8147391000000009e-07 0 0.99999999999411704
1 -68.350000381469727 0 0 0 -1 0 0 0 -1 1 0 0 
2 -76.17500000787004 2.9999999999995448 0 0 0 1 -1 0 0 0 -1 0 3.000000000003666
1 -79.175000007871859 2.9999999999995448 0 -1 0 0 0 0 1 0 1 -0 
2 -78.175000007868221 10.825000007869221 0 0 0 1 -4.5474739999999997e-12 1 0 -1 -4.5474739999999997e-12 0 1.000000000008328
1 -78.175000007872768 11.825000007868312 0 -1.033517e-11 1 0 0 0 1 1 1.033517e-11 -0 
2 -77.075000007876042 11.025000007880408 0 0 0 1 1 0 -0 -0 1 0 0.79999999999813498
1 -76.27500000787677 11.025000007880408 0 1 0 0 0 0 -1 -0 1 0 
2 -75.181928436927592 7.8680715788277666 0 0 0 1 1 6.2404060000000002e-12 -0 -6.2404060000000002e-12 1 0 1.093071570952731
1 -74.409010144995591 7.0951532304638931 0 -0.70710675537585699 0.70710680699723705 0 0 0 1 0.70710680699723705 0.70710675537585699 -0 
2 -72.325000012756391 13.421803742805878 0 0 0 1 -0.70710675537357115 0.70710680699952311 0 -0.70710680699952311 -0.70710675537357115 0 2.999999999996561
1 -69.325000012759119 13.421803738312974 0 -1 1.498347e-09 0 0 0 1 1.498347e-09 1 -0 
2 -72.325000008040661 16.578196268201282 0 0 0 1 -1 1.496877e-09 0 -1.496877e-09 -1 0 3.0000000000178768
1 -70.203679741916858 18.699516689207485 0 -0.70710675537547463 -0.70710680699761963 0 0 0 1 -0.70710680699761963 0.70710675537547463 0 
2 -75.181928436927592 22.131928436922408 0 0 0 1 -0.70710675537726808 -0.70710680699582606 0 0.70710680699582606 -0.70710675537726808 0 1.093071570949177
1 -76.27500000787677 22.131928436926955 0 1 0 0 0 0 -1 -0 1 0 
2 -77.075000007876042 18.975000007878862 0 0 0 1 9.5367340700000017e-07 -0.99999999999954525 0 0.99999999999954525 9.5367340700000017e-07 -0 0.79999999999813498
1 -77.074999244937317 18.175000007879589 0 0 -1 0 0 0 -1 1 0 0 
2 -78.17500000788641 19.175000007871859 0 0 0 1 -0.99999999999992728 3.8147391000000009e-07 0 -3.8147391000000009e-07 -0.99999999999992728 0 0.99999999999411704
1 -79.175000007871859 19.175000389345769 0 -1 0 0 0 0 1 0 1 -0 
2 -76.17500000787004 27.000000015741534 0 0 0 1 -1.515825e-12 1 0 -1 -1.515825e-12 0 3.0000000000072191
1 -76.175000007874587 30.000000015745627 0 0 1 0 0 -0 1 1 0 -0 
2 -68.350000000004911 29.000000015741989 0 0 0 1 1 2.2737369999999998e-12 -0 -2.2737369999999998e-12 1 0 1.000000000004774
1 -67.350000000001273 29.000000015744263 0 1 0 0 0 0 -1 -0 1 0 
2 -68.149999999995998 27.900000015742989 0 0 0 1 0 -1 0 1 0 -0 0.79999999999813498
1 -68.149999999995998 27.100000015755086 0 -7.2023699999999995e-13 -1 0 -0 0 -1 1 -7.2023699999999995e-13 -0 
2 -71.306928429048639 26.006928444799087 0 0 0 1 0 -1 0 1 0 -0 1.093071570949177
1 -72.079846777410239 25.234010152883002 0 0.70710680699876616 0.7071067553743281 0 0 0 -1 -0.7071067553743281 0.70710680699876616 0 
2 -65.753196265077349 23.150000020607422 0 0 0 1 0.70710680700255402 0.70710675537054002 -0 -0.70710675537054002 0.70710680700255402 0 2.9999999999752438
1 -65.753196269565706 20.150000020635161 0 1.5019490000000001e-09 1 0 0 -0 1 1 -1.5019490000000001e-09 -0 
2 -62.596803739675124 23.150000015923524 0 0 0 1 1.4976350000000001e-09 1 -0 -1 1.4976350000000001e-09 0 3.0000000000178768
1 -60.475483318673469 21.028679749772436 0 -0.7071068069995311 0.70710675537356316 0 0 0 1 0.70710675537356316 0.7071068069995311 -0 
