DBRep_DrawableShape

CASCADE Topology V1, (c) Matra-Datavision
Locations 0
Curve2ds 118
1 0 0 1 0 
1 0 0 1 0 
1 0 0 1 0 
1 0 0 1 0 
1 6.2831853071795862 0 -1 0 
1 6.2831853071795862 0 -1 0 
1 6.2831853071795862 0 -1 0 
1 6.2831853071795871 0 -1 0 
1 6.2831853071795862 0 -1 0 
1 6.2831853071795853 0 -1 0 
1 6.2831853071795862 0 -1 0 
1 6.2831853071795862 0 -1 0 
1 0 0 1 0 
1 0 0 1 0 
1 0 0 1 0 
1 0 0 1 0 
1 0 0 1 0 
1 0 0 1 0 
1 0 0 1 0 
1 6.2831853071795862 0 -1 0 
1 6.2831853071795862 0 -1 0 
1 6.2831853071795853 0 -1 0 
1 6.2831853071795845 0 -1 0 
1 6.2831853071795862 0 -1 0 
1 6.2831853071795871 0 -1 0 
1 6.2831853071795862 0 -1 0 
1 6.2831853071795862 0 -1 0 
1 0 0 1 0 
1 0 0 1 0 
1 0 0 1 0 
1 0 0 1 0 
1 0 0 1 0 
1 0 0 1 0 
1 0 0 1 0 
1 6.2831853071795853 0 -1 0 
1 6.2831853071795862 0 -1 0 
1 6.2831853071795862 0 -1 0 
1 6.2831853071795871 0 -1 0 
1 6.2831853071795862 0 -1 0 
1 6.2831853071795862 0 -1 0 
1 6.2831853071795862 0 -1 0 
1 6.2831853071795862 0 -1 0 
1 0 0 1 0 
1 0 0 1 0 
1 0 0 1 0 
1 0 0 1 0 
1 0 0 1 0 
1 0 0 1 0 
1 6.2831853071795862 0 -1 0 
1 6.2831853071795862 0 -1 0 
1 6.2831853071795862 0 -1 0 
1 6.2831853071795862 0 -1 0 
1 6.2831853071795862 0 -1 0 
1 6.2831853071795862 0 -1 0 
1 6.2831853071795862 0 -1 0 
1 6.2831853071795853 0 -1 0 
1 0 0 1 0 
1 0 0 1 0 
1 0 0 1 0 
1 0 0 1 0 
1 0 0 1 0 
1 0 0 1 0 
1 0 0 1 0 
1 6.2831853071795862 0 -1 0 
1 6.2831853071795862 0 -1 0 
1 6.2831853071795862 0 -1 0 
1 6.2831853071795862 0 -1 0 
1 6.2831853071795862 0 -1 0 
1 6.2831853071795853 0 -1 0 
1 6.2831853071795862 0 -1 0 
1 6.2831853071795862 0 -1 0 
1 0 0 1 0 
1 0 0 1 0 
1 0 0 1 0 
1 0 0 1 0 
1 0 0 1 0 
1 0 0 1 0 
1 0 0 1 0 
1 6.2831853071795862 0 -1 0 
1 6.2831853071795853 0 -1 0 
1 6.2831853071795862 0 -1 0 
1 6.2831853071795862 0 -1 0 
1 6.2831853071795862 0 -1 0 
1 6.2831853071795862 0 -1 0 
1 6.2831853071795862 0 -1 0 
1 6.2831853071795862 0 -1 0 
1 0 0 1 0 
1 0 0 1 0 
1 0 0 1 0 
1 6.2831853071795862 0 -1 0 
1 0 0 1 0 
1 0 0 1 0 
1 6.2831853071795862 0 -1 0 
1 0 0 1 0 
1 0 0 1 0 
1 6.2831853071795862 0 -1 0 
1 0 0 1 0 
1 0 0 1 0 
1 6.2831853071795871 0 -1 0 
1 0 0 1 0 
1 0 0 1 0 
1 0 0 1 0 
1 0 0 1 0 
1 0 0 1 0 
1 0 0 1 0 
1 0 0 1 0 
1 0 0 1 0 
1 0 0 1 0 
1 0 0 1 0 
1 0 0 1 0 
1 0 0 1 0 
1 0 0 1 0 
1 0 0 1 0 
1 0 0 1 0 
1 0 0 1 0 
1 0 0 1 0 
1 0 0 1 0 
1 0 0 1 0 
Curves 234
2 0 28.999999999994088 0 0 0 1 3.8146936300000011e-07 0.99999999999992728 -0 -0.99999999999992728 3.8146936300000011e-07 0 1.0000000000012219
1 21.649999618525726 30 0 -1 0 0 
2 21.649999999999636 28.999999999994088 0 0 0 1 1 4.5474739999999997e-12 -0 -4.5474739999999997e-12 1 0 1.000000000004774
1 22.649999999998727 27.899999237060911 0 0 1 0 
2 21.849999999999454 27.899999999992815 0 0 0 1 0 -1 0 1 0 -0 0.79999999999813498
1 20.449999809270594 27.09999999999809 0 1 -3.2481950000000002e-12 0 
2 20.449999999998454 27.400000000000091 0 0 0 1 -1 0 0 0 -1 0 0.30000000000107702
1 20.149999999998727 28.200000762938089 0 0 -1 0 
2 19.849999999999 28.199999999999363 0 0 0 -1 -0.99999999999676625 -2.5431290850000006e-06 -0 -2.5431290850000006e-06 0.99999999999676625 0 0.29999999999752403
1 18.599999904631659 28.499999999999091 0 1 0 0 
2 18.599999999999 27.5 0 0 0 -1 9.5367340999999963e-08 -0.99999999999999556 0 -0.99999999999999556 -9.5367340999999963e-08 -0 1.0000000000012219
1 17.600000005033962 25.806854248041873 0 -2.9745380000000001e-09 1 0 
2 20.600000000017644 25.806854250004108 0 0 0 -1 1 6.5407829999999995e-10 0 6.5407829999999995e-10 -1 0 2.9999999949801288
1 21.185533524105722 20.978679656436725 0 -0.70710673031884919 0.70710683205424218 0 
2 23.306853867659356 23.099999999994907 0 0 0 -1 0.70710678118578951 0.70710678118730552 0 0.70710678118730552 -0.70710678118578951 0 2.9999999999965601
1 28.34314613234028 20.099999999997635 0 -1 0 0 
2 28.343146132344827 23.099999999990359 0 0 0 -1 1.515825e-12 1 0 1 -1.515825e-12 0 2.9999999999930091
1 33.171320151850523 23.685533714726716 0 -0.70710673124780576 -0.70710683112528583 0 
2 31.049999999991087 25.806854249997286 0 0 0 -1 -0.7071067172846891 0.70710684508840016 0 0.70710684508840016 0.7071067172846891 0 3.0000000000089968
1 34.049999999999727 27.5 0 0 -1 0 
2 33.049999999998363 27.5 0 0 0 -1 -1 0 0 0 1 0 0.99999999999766898
1 31.799999618526726 28.499999999999091 0 1 0 0 
2 31.799999999998363 28.199999999999363 0 0 0 -1 1.2715721219999993e-06 -0.99999999999919154 0 -0.99999999999919154 -1.2715721219999993e-06 -0 0.299999999995748
1 31.500000000000909 27.399999237054544 0 0 1 0 
2 31.199999999998909 27.39999999999327 0 0 0 1 0 -1 0 1 0 -0 0.299999999995748
1 29.799999618526272 27.09999999999809 0 1 0 0 
2 29.800000000000182 27.899999999992815 0 0 0 1 -1 8.5265130000000003e-12 0 -8.5265130000000003e-12 -1 0 0.79999999999813498
1 29.000000000000909 28.999999999998636 0 0 -1 0 
2 30 28.999999999998636 0 0 0 1 0 1 0 -1 0 0 0.99999999999766898
1 37.824999999997999 30 0 -1 0 0 
2 37.824999999997999 26.999999999993634 0 0 0 1 1 0 -0 -0 1 0 3.000000000003666
1 40.824999999999818 19.175000381467271 0 0 1 0 
2 39.824999999998454 19.174999999997908 0 0 0 1 0 -1 0 1 0 -0 1.0000000000029989
1 38.724999237065276 18.174999999998818 0 1 -4.1340639999999997e-12 0 
2 38.724999999999454 18.97499999999809 0 0 0 1 -1 0 0 0 -1 0 0.80000000000168803
1 37.925000000000182 20.375000190733772 0 0 -1 0 
2 38.224999999997635 20.374999999994543 0 0 0 1 0 1 0 -1 0 0 0.30000000000107702
1 39.025000762944728 20.674999999998818 0 -1 -5.6843359999999997e-12 0 
2 39.024999999999181 20.974999999998545 0 0 0 -1 -2.5431518220000004e-06 0.99999999999676625 0 0.99999999999676625 2.5431518220000004e-06 0 0.30000000000285298
1 39.325000000003456 22.225000095368159 0 -3.6379789999999996e-12 -1 0 
2 38.325000000004366 22.224999999998545 0 0 0 -1 -0.99999999999999556 -9.5369613999999963e-08 -0 -9.5369613999999963e-08 0.99999999999999556 0 1.0000000000012219
1 36.631854248050786 23.224999994963582 0 1 2.9731950000000001e-09 0 
2 36.631854249999378 20.225000000004911 0 0 0 -1 6.4953079999999998e-10 -1 0 -1 -6.4953079999999998e-10 -0 2.9999999949605889
1 31.803679656441091 19.639466475894096 0 0.70710683205453917 0.7071067303185522 0 
2 33.924999999987904 17.518146132340462 0 0 0 -1 0.70710678118541104 -0.707106781187684 0 -0.707106781187684 -0.70710678118541104 -0 2.9999999999859028
1 30.924999999999727 12.481853867659538 0 0 1 0 
2 33.924999999987904 12.481853867654991 0 0 0 -1 1 -1.515825e-12 0 -1.515825e-12 -1 -0 2.9999999999859028
1 34.510533714731082 7.6536798481515689 0 -0.70710683112558281 0.70710673124750878 0 
2 36.631854249999378 9.774999999992815 0 0 0 -1 0.70710684509105315 0.70710671728203611 0 0.70710671728203611 -0.70710684509105315 0 2.999999999996561
1 38.324999999999818 6.7750000000000909 0 -1 0 0 
2 38.325000000004366 7.774999999994634 0 0 0 -1 4.5474739999999997e-12 1 0 1 -4.5474739999999997e-12 0 0.99999999999766898
1 39.324999999998909 9.0250003814685442 0 0 -1 0 
2 39.024999999999181 9.0249999999991815 0 0 0 -1 -0.99999999999919154 -1.2715645429999994e-06 -0 -1.2715645429999994e-06 0.99999999999919154 0 0.30000000000107702
1 38.224999237065731 9.3249999999989086 0 1 0 0 
2 38.224999999997635 9.6249999999986358 0 0 0 1 -1 0 0 0 -1 0 0.30000000000285298
1 37.925000000000182 11.025000381468999 0 0 -1 0 
2 38.724999999999454 11.024999999999636 0 0 0 1 0 1 0 -1 0 0 0.80000000000168803
1 39.824999999998454 11.824999999994361 0 -1 4.1340669999999999e-12 0 
2 39.825000000005275 10.824999999997544 0 0 0 1 1 0 -0 -0 1 0 0.99999999999766898
1 40.824999999999818 2.9999999999995448 0 0 1 0 
2 37.824999999997999 2.9999999999995448 0 0 0 1 0 -1 0 1 0 -0 3.000000000003666
1 30.000000381469363 0 0 1 0 0 
2 30 0.99999999999909095 0 0 0 1 -1 0 0 0 -1 0 1.0000000000012219
1 29.000000000000909 2.1000007629345419 0 0 -1 0 
2 29.800000000000182 2.0999999999980901 0 0 0 1 0 1 0 -1 0 0 0.79999999999813498
1 31.200000190740411 2.8999999999996362 0 -1 0 0 
2 31.199999999998909 2.5999999999976349 0 0 0 1 1 0 -0 -0 1 0 0.29999999999752403
1 31.500000000000909 1.7999992370550899 0 0 1 0 
2 31.799999999998363 1.799999999996089 0 0 0 -1 0.99999999999676625 2.5431366640000003e-06 0 2.5431366640000003e-06 -0.99999999999676625 0 0.299999999995748
1 33.050000095372525 1.499999999998636 0 -1 0 0 
2 33.049999999998363 2.5 0 0 0 -1 -9.5374162000000036e-08 0.99999999999999545 0 0.99999999999999545 9.5374162000000036e-08 0 0.999999999999446
1 34.049999994967948 4.1931457519535797 0 2.971853e-09 -1 0 
2 31.049999999988813 4.1931457499890712 0 0 0 -1 -1 -6.5483620000000001e-10 -0 -6.5483620000000001e-10 1 0 2.9999999949801288
1 30.464466475898462 9.0213203435587275 0 0.70710673031825511 -0.70710683205483627 0 
2 28.343146132344827 6.9000000000073669 0 0 0 -1 -0.70710678118692605 -0.70710678118616899 -0 -0.70710678118616899 0.70710678118692605 0 2.9999999999947851
1 23.30685386766163 9.9000000000000909 0 1 0 0 
2 23.306853867659356 6.899999999998272 0 0 0 -1 -7.5791229999999996e-13 -1 -0 -1 7.5791229999999996e-13 0 2.9999999999983369
1 18.478679848153661 6.3144662852687361 0 0.70710673124780576 0.70710683112528583 0 
2 20.600000000010823 4.1931457499913449 0 0 0 -1 0.7071067172831732 -0.70710684508991617 0 -0.70710684508991617 -0.7071067172831732 -0 3.0000000000089959
1 17.599999999997635 2.5 0 0 1 0 
2 18.599999999999 2.4999999999931788 0 0 0 -1 1 -6.8212100000000002e-12 0 -6.8212100000000002e-12 -1 -0 0.999999999999446
1 19.850000381470636 1.499999999998636 0 -1 0 0 
2 19.850000000008095 1.799999999996089 0 0 0 -1 -1.2715418049999995e-06 0.99999999999919165 0 0.99999999999919165 1.2715418049999995e-06 0 0.299999999995748
1 20.149999999998727 2.6000007629340871 0 0 -1 0 
2 20.449999999998454 2.5999999999976349 0 0 0 1 0 1 0 -1 0 0 0.29999999999930099
1 21.850000381468817 2.8999999999996362 0 -1 0 0 
2 21.849999999999454 2.0999999999980901 0 0 0 1 1 0 -0 -0 1 0 0.79999999999813498
1 22.649999999998727 0.99999999999909095 0 0 1 0 
2 21.649999999999636 0.99999999999454303 0 0 0 1 0 -1 0 1 0 -0 0.99999999999766898
1 0 0 0 1 0 0 
2 -2.6973793900000002e-07 0.99999934878951502 0 0 0 1 -0.99999999999978795 6.5120999899999996e-07 0 -6.5120999899999996e-07 -0.99999999999978795 0 0.99999934878880503
1 -0.99999999999909095 2.0999999999980901 0 3.4679032999999998e-07 -0.99999999999993983 0 
2 -0.19999999999981799 2.0999999999980901 0 0 0 1 -4.7684238800000017e-07 0.99999999999988631 0 -0.99999999999988631 -4.7684238800000017e-07 0 0.79999999999813498
1 1.1999999999989091 2.8999999999996362 0 -1 -4.872292e-12 0 
2 1.199999730265517 2.5999993487835131 0 0 0 1 0.99999999998889 4.7138250159999998e-06 -0 -4.7138250159999998e-06 0.99999999998889 0 0.30000065121171798
1 1.5000000000009099 1.799999999996089 0 4.768419330000001e-07 0.9999999999998862 0 
2 1.7999999999983629 1.7999999999915419 0 0 0 -1 1 -1.515825e-11 0 -1.515825e-11 -1 -0 0.29999999999397198
1 3.0499999999983629 1.499999999998636 0 -1 0 0 
2 3.0500002697385749 2.4999993487904248 0 0 0 -1 2.6974038799999996e-07 0.9999999999999637 0 0.9999999999999637 -2.6974038799999996e-07 0 0.99999934878880503
1 4.0499999999997272 4.1931457499958924 0 -2.2530482699999989e-07 -0.99999999999997458 0 
2 1.0499982241617549 4.1931453967595189 0 0 0 -1 -0.99999999999999312 -1.1774538800000002e-07 -0 -1.1774538800000002e-07 0.99999999999999312 0 3.0000017758400328
1 0.46446647589846202 9.0213203435587275 0 0.70710678118654757 -0.70710678118654757 0 
2 -1.656853867655173 6.9000000000073669 0 0 0 -1 -0.70710678118692605 -0.70710678118616899 -0 -0.70710678118616899 0.70710678118692605 0 2.9999999999947851
1 -6.6931461323383701 9.9000000000000909 0 1 0 0 
2 -6.6931461323383701 6.899999999998272 0 0 0 -1 0 -1 0 -1 -0 -0 2.9999999999983369
1 -11.521320339998056 6.3144660900002236 0 0.70710673031825511 0.70710683205483627 0 
2 -9.3999994408977727 4.1931453764209436 0 0 0 -1 0.70710681210670734 -0.70710675026638636 0 -0.70710675026638636 -0.70710681210670734 -0 3.0000006544668172
1 -12.400000000002365 2.5 0 -5.6324192000000023e-08 0.99999999999999845 0 
2 -11.400000000001 2.4999999999931788 0 0 0 -1 1 -6.8212100000000002e-12 0 -6.8212100000000002e-12 -1 -0 0.99999999999766898
1 -10.150000000001 1.499999999998636 0 -1 0 0 
2 -10.149999730260788 1.799999348788788 0 0 0 -1 8.991359929999998e-07 0.99999999999959577 0 0.99999999999959577 -8.991359929999998e-07 0 0.29999934879043599
1 -9.8500000000012733 2.5999999999976349 0 -4.7683909100000006e-07 -0.9999999999998862 0 
2 -9.5500000000015461 2.599999999995362 0 0 0 1 -6.3575953399999997e-07 0.99999999999979805 0 -0.99999999999979805 -6.3575953399999997e-07 0 0.30000000000107702
1 -8.1500000000005457 2.8999999999996362 0 -1 0 0 
2 -8.1499997302603333 2.100000651209939 0 0 0 1 0.99999999999999023 1.3965586700000004e-07 -0 -1.3965586700000004e-07 0.99999999999999023 0 0.79999934878927104
1 -7.3500000000012733 0.99999999999909095 0 -3.4678388800000001e-07 0.99999999999993983 0 
2 -8.3500000000003638 0.99999999999909095 0 0 0 1 -3.8147391000000009e-07 -0.99999999999992728 0 0.99999999999992728 -3.8147391000000009e-07 0 1.0000000000029989
1 -16.175000000000637 0 0 1 0 0 
2 -16.174999999991542 2.9999999999995448 0 0 0 1 -1 0 0 0 -1 0 3.000000000003666
1 -19.175000000000182 10.824999999997544 0 0 -1 0 
2 -18.175000651208393 10.82500026974003 0 0 0 1 6.5120772499999997e-07 0.99999999999978795 -0 -0.99999999999978795 6.5120772499999997e-07 0 0.99999934878702901
1 -17.074999999999818 11.824999999998909 0 -0.99999999999993983 -3.4679032999999998e-07 0 
2 -17.074999999999818 11.024999999992815 0 0 0 1 0.99999999999988631 4.768452300000002e-07 -0 -4.768452300000002e-07 0.99999999999988631 0 0.80000000000346505
1 -16.275000000000546 9.6249999999986358 0 0 1 0 
2 -16.575000651209848 9.6250002697411219 0 0 0 1 4.7138401739999999e-06 -0.99999999998889 0 0.99999999998889 4.7138401739999999e-06 -0 0.300000651217047
1 -17.374999999999545 9.3249999999989086 0 0.99999999999988631 -4.7683624900000018e-07 0 
2 -17.374999999999545 9.0249999999991815 0 0 0 -1 0 -1 0 -1 -0 -0 0.29999999999752403
1 -17.675000000001546 7.774999999994634 0 0 1 0 
2 -16.67500065120521 7.7749997302566953 0 0 0 -1 0.9999999999999637 -2.6973811399999997e-07 0 -2.6973811399999997e-07 -0.9999999999999637 -0 0.99999934879235797
1 -14.981854249997468 6.7750000000000909 0 -0.99999999999997458 2.2530214099999989e-07 0 
2 -14.981854603236116 9.7750017758403374 0 0 0 -1 -1.1774614600000001e-07 0.99999999999999312 0 0.99999999999999312 1.1774614600000001e-07 0 3.0000017758418092
1 -10.153679656441454 10.360533524101356 0 -0.70710678118535952 -0.70710678118773551 0 
2 -12.27500000000191 12.481853867654991 0 0 0 -1 -0.707106781187684 0.70710678118541104 0 0.70710678118541104 0.707106781187684 0 2.9999999999965601
1 -9.2750000000023647 17.518146132335914 0 0 -1 0 
2 -12.27500000000191 17.518146132340462 0 0 0 -1 -1 1.515825e-12 0 1.515825e-12 1 0 2.999999999998336
1 -12.860533909995411 22.346320340002421 0 0.70710683205364822 -0.70710673031944327 0 
2 -14.981854623574691 20.224999440895317 0 0 0 -1 -0.70710675026524994 -0.70710681210784387 -0 -0.70710681210784387 0.70710675026524994 0 3.0000006544668172
1 -16.675000000000182 23.224999999995362 0 0.99999999999999845 5.6326878000000026e-08 0 
2 -16.675000000000182 22.224999999998545 0 0 0 -1 0 -1 0 -1 -0 -0 0.99999999999766898
1 -17.675000000001546 20.974999999998545 0 0 1 0 
2 -17.375000651206847 20.974999730260606 0 0 0 -1 0.99999999999959577 -8.9912841399999984e-07 0 -8.9912841399999984e-07 -0.99999999999959577 -0 0.29999934879043599
1 -16.575000000000273 20.67499999999427 0 -0.99999999999988631 4.7684193300000021e-07 0 
2 -16.575000000000273 20.374999999994543 0 0 0 1 0.99999999999979794 6.3579743000000001e-07 -0 -6.3579743000000001e-07 0.99999999999979794 0 0.30000000000107702
1 -16.275000000000546 18.97499999999809 0 0 1 0 
2 -17.074999348792517 18.974999730260151 0 0 0 1 1.3967292000000004e-07 -0.99999999999999023 0 0.99999999999999023 1.3967292000000004e-07 -0 0.79999934879282397
1 -18.175000000001091 18.174999999998818 0 0.99999999999993983 3.46790089e-07 0 
2 -18.174999999996544 19.174999999997908 0 0 0 1 -0.99999999999992728 3.8146936300000011e-07 0 -3.8146936300000011e-07 -0.99999999999992728 0 1.0000000000012219
1 -19.175000000000182 26.999999999993634 0 0 -1 0 
2 -16.174999999991542 26.999999999993634 0 0 0 1 -3.0316490000000001e-12 1 0 -1 -3.0316490000000001e-12 0 3.000000000003666
1 -8.3500000000003638 30 0 -1 0 0 
2 -8.3499997302646989 29.000000651210485 0 0 0 1 0.99999999999978795 -6.5121227299999995e-07 0 6.5121227299999995e-07 0.99999999999978795 -0 0.99999934879235797
1 -7.3500000000012733 27.899999999999636 0 -3.4679239700000001e-07 0.99999999999993983 0 
2 -8.1500000000005457 27.899999999992815 0 0 0 1 4.7683670300000014e-07 -0.99999999999988631 0 0.99999999999988631 4.7683670300000014e-07 -0 0.79999999999635896
1 -9.5500000000015461 27.09999999999809 0 1 0 0 
2 -9.5499997302613338 27.400000651209666 0 0 0 1 -0.99999999998889 -4.7138401739999999e-06 0 4.7138401739999999e-06 -0.99999999998889 0 0.30000065121349501
1 -9.8500000000012733 28.199999999994816 0 -4.7683909100000017e-07 -0.99999999999988631 0 
2 -10.149999999991905 28.199999999999363 0 0 0 -1 -1 1.515825e-11 0 1.515825e-11 1 0 0.299999999995748
1 -11.400000000001 28.499999999999091 0 1 0 0 
2 -11.400000269736665 27.500000651209575 0 0 0 -1 -2.6973584099999993e-07 -0.9999999999999637 -0 -0.9999999999999637 2.6973584099999993e-07 0 0.99999934879235797
1 -12.400000000002365 25.806854249997286 0 2.2530348399999987e-07 0.99999999999997458 0 
2 -9.3999982241598445 25.806854603235934 0 0 0 -1 0.99999999999999312 1.1774614600000001e-07 0 1.1774614600000001e-07 -0.99999999999999312 0 3.00000177584181
1 -8.8144664758942781 20.978679656436725 0 -0.70710678118654757 0.70710678118654757 0 
2 -6.6931461323383701 23.099999999994907 0 0 0 -1 0.70710678118616854 0.7071067811869266 0 0.7071067811869266 -0.70710678118616854 0 2.9999999999965601
1 -1.65685386765972 20.099999999997635 0 -1 0 0 
2 -1.656853867655173 23.099999999990359 0 0 0 -1 1.515825e-12 1 0 1 -1.515825e-12 0 2.9999999999930091
1 3.1713203400022389 23.685533909995229 0 -0.70710673031825511 -0.70710683205483627 0 
2 1.0499994409065041 25.806854623574509 0 0 0 -1 -0.70710681210594939 0.70710675026714442 0 0.70710675026714442 0.70710681210594939 0 3.0000006544668159
1 4.0499999999997272 27.5 0 5.6328221000000027e-08 -0.99999999999999845 0 
2 3.0499999999983629 27.5 0 0 0 -1 -1 0 0 0 1 0 0.999999999999446
1 1.7999999999983629 28.499999999999091 0 1 0 0 
2 1.799999730260424 28.200000651208939 0 0 0 -1 -8.9912841399999984e-07 -0.99999999999959577 -0 -0.99999999999959577 8.9912841399999984e-07 0 0.29999934878866003
1 1.5000000000009099 27.400000000000091 0 4.7683624900000018e-07 0.99999999999988631 0 
2 1.2000000000034561 27.39999999999327 0 0 0 1 6.3578985000000004e-07 -0.99999999999979805 0 0.99999999999979805 6.3578985000000004e-07 -0 0.29999999999752403
1 -0.19999999999981799 27.09999999999809 0 1 0 0 
2 -0.200000269737757 27.899999348790061 0 0 0 1 -0.99999999999999023 -1.3966155200000004e-07 0 1.3966155200000004e-07 -0.99999999999999023 0 0.79999934878749501
1 -0.99999999999909095 28.999999999998636 0 3.46790089e-07 -0.99999999999993983 0 
2 7.9400000782970892 26.109999999998763 0 0 0 1 0 -1 0 1 0 -0 2.0000000000006679
1 5.9400000782966353 26.109999887346476 0 5.6328247000000016e-08 -0.99999999999999833 0 
2 0.94000009311002897 25.846854724434252 0 0 0 -1 0.70710678118791204 -0.707106781185183 0 -0.707106781185183 -0.70710678118791204 -0 5.0000000000043361
1 4.4755339990524572 22.311320818505465 0 -0.70710678118654702 -0.70710678118654802 0 
2 3.9249999999879042 17.518146132340462 0 0 0 1 0.70710678118541104 -0.707106781187684 0 0.707106781187684 0.70710678118541104 -0 2.9999999999876792
1 0.92499999999972704 17.518146132335914 0 0 -1 0 
2 3.9249999999879042 12.481853867654991 0 0 0 1 1 -1.515825e-12 0 1.515825e-12 1 -0 2.9999999999876792
1 1.80367965644109 10.360533524101356 0 0.70710683205475922 -0.70710673031833227 0 
2 0.93999999098286902 4.1531457621044874 0 0 0 -1 0.99999999999997469 -2.2530139199999993e-07 0 -2.2530139199999993e-07 -0.99999999999997469 -0 5.0000000000061107
1 5.9399999909919643 4.1531446355975268 0 -2.2531358499999993e-07 -0.99999999999997469 0 
2 7.9399999317024594 3.8899999999944161 0 0 0 1 0.99999999999997469 -2.2530457499999993e-07 0 2.2530457499999993e-07 0.99999999999997469 -0 1.999999999998892
1 7.9399999317024594 1.889999999993961 0 1 0 0 
2 13.710000068299451 3.8899999999944161 0 0 0 1 0 1 0 -1 0 0 1.999999999998892
1 15.710000068299905 3.8900004506035661 0 -2.2529630299999992e-07 0.99999999999997469 0 
2 20.710000009014493 4.1531457621044874 0 0 0 -1 -0.70710673031782523 0.70710683205526625 0 0.70710683205526625 0.70710673031782523 0 5.0000000000007807
1 17.174466357423626 7.6886799223825619 0 0.70710683205505975 0.70710673031803173 0 
2 17.72499999999809 12.481853867654991 0 0 0 1 -0.70710678118844206 0.70710678118465309 0 -0.70710678118465309 -0.70710678118844206 0 2.999999999998336
1 20.724999999997635 12.481853867659538 0 0 1 0 
2 17.72499999999809 17.518146132340462 0 0 0 1 -1 1.515825e-12 0 -1.515825e-12 -1 0 2.999999999998336
1 19.846320343563093 19.639466475894096 0 -0.70710678118594605 0.70710678118714898 0 
2 20.709999906880512 25.846854724431978 0 0 0 -1 -0.99999999999999845 5.6326371000000027e-08 0 5.6326371000000027e-08 0.99999999999999845 0 4.9999999999936762
1 15.709999906885059 25.846855006063834 0 5.6336888000000014e-08 0.99999999999999833 0 
2 13.709999921709368 26.109999999998763 0 0 0 1 -0.99999999999999845 5.6326144000000024e-08 0 -5.6326144000000024e-08 -0.99999999999999845 0 1.999999999998892
1 13.709999921709368 28.109999999992397 0 -1 0 0 
2 25.824999999999818 15 0 0 0 1 -1 0 0 0 -1 0 2.4499999999996191
2 -4.1750000000001819 15 0 0 0 1 -1 0 0 0 -1 0 2.4499999999996191
2 39.024999999999181 5.0499999999942702 0 0 0 1 -0.99999999999676636 2.5431139270000009e-06 0 -2.5431139270000009e-06 -0.99999999999676636 0 0.30000000000285298
1 39.024999999999181 5.3499999999985448 0 -0.99999999999999312 1.1737588100000001e-07 0 
2 35.775000651215123 5.0499997302540578 0 0 0 1 2.8064823419999994e-06 -0.99999999999606182 0 0.99999999999606182 2.8064823419999994e-06 -0 0.30000065121171798
1 35.474999999999 5.0499999999942702 0 0 -1 0 
2 35.774999999998727 1.799999999996089 0 0 0 1 1 0 -0 -0 1 0 0.29999999999930099
1 35.774999999998727 1.499999999998636 0 1 0 0 
2 37.824999999997999 2.9999999999995448 0 0 0 1 0 1 0 -1 0 0 1.5000000000036089
1 39.324999999998909 2.9999999999995448 0 0 1 0 
2 -17.374999999999545 5.0499999999942702 0 0 0 1 0 -1 0 1 0 -0 0.30000000000285298
1 -17.675000000001546 5.0499992370600921 0 0 -1 0 
2 -16.174999999991542 2.9999999999995448 0 0 0 1 1 0 -0 -0 1 0 1.5000000000036089
1 -16.175000000000637 1.499999999998636 0 1 0 0 
2 -14.124999999999091 1.7999999999983629 0 0 0 1 0 1 0 -1 0 0 0.30000000000107702
1 -13.825000000001637 1.799999999996089 0 0 1 0 
2 -14.124999999999091 5.0499999999942702 0 0 0 1 -1 0 0 0 -1 0 0.30000000000107702
1 -14.124999809259862 5.3499999999985448 0 -1 0 0 
2 -17.374999999999545 24.949999999998909 0 0 0 1 1 0 -0 -0 1 0 0.30000000000285298
1 -17.375000047679805 24.649999999999181 0 1 0 0 
2 -14.124999999999091 24.949999999998909 0 0 0 1 0 1 0 -1 0 0 0.30000000000285298
1 -13.825000000001637 24.95000076293536 0 0 1 0 
2 -14.124999999999091 28.199999999994816 0 0 0 1 -1 0 0 0 -1 0 0.30000000000107702
1 -14.124999999999091 28.499999999999091 0 -1 0 0 
2 -16.174999999991542 26.999999999993634 0 0 0 1 6.0632980000000003e-12 -1 0 1 6.0632980000000003e-12 -0 1.5000000000036089
1 -17.675000000001546 26.999999999993634 0 0 -1 0 
2 39.024999999994634 24.950000000001182 0 0 0 1 -1.5897967400000005e-07 0.99999999999998734 0 -0.99999999999998734 -1.5897967400000005e-07 0 0.30000000000463001
1 39.324999999998909 24.949999999998909 0 0 1 0 
2 37.824999999997999 26.999999999993634 0 0 0 1 -1 0 0 0 -1 0 1.5000000000036089
1 37.824999999997999 28.499999999999087 0 -1 -2.2182800000000001e-12 0 
2 35.774999999998727 28.199999999994816 0 0 0 1 0 -1 0 1 0 -0 0.29999999999752403
1 35.474999999999 28.199999999994816 0 2.9345202999999988e-08 -0.99999999999999956 0 
2 35.77499993256879 24.949999837197083 0 0 0 1 0.99999999999523903 -3.0857959319999998e-06 0 3.0857959319999998e-06 0.99999999999523903 -0 0.29999983719797302
1 35.774999999998727 24.649999999999181 0 1 0 0 
Polygon3D 0
PolygonOnTriangulations 0
Surfaces 235
1 10.825000039604987 14.999999998728306 0 0 0 1 1 0 -0 -0 1 0 
2 0 28.999999999994088 0 0 0 1 3.8146936300000011e-07 0.99999999999992728 -0 -0.99999999999992728 3.8146936300000011e-07 0 1.0000000000012219
1 3.8146936300000001e-07 30 0 0 1 0 0 -0 1 1 0 -0 
2 21.649999999999636 28.999999999994088 0 0 0 1 1 4.5474739999999997e-12 -0 -4.5474739999999997e-12 1 0 1.000000000004774
1 22.649999999998727 28.999999999998636 0 1 0 0 0 0 -1 -0 1 0 
2 21.849999999999454 27.899999999992815 0 0 0 1 0 -1 0 1 0 -0 0.79999999999813498
1 21.849999999999454 27.099999999993543 0 -3.2481950000000002e-12 -1 0 -0 0 -1 1 -3.2481950000000002e-12 -0 
2 20.449999999998454 27.400000000000091 0 0 0 1 -1 0 0 0 -1 0 0.30000000000107702
1 20.149999999998727 27.400000000000091 0 -1 0 0 0 0 1 0 1 -0 
2 19.849999999999 28.199999999999363 0 0 0 1 -0.99999999999676625 -2.5431290850000006e-06 0 2.5431290850000006e-06 -0.99999999999676625 0 0.29999999999752403
1 19.849999999999 28.499999999999091 0 0 -1 0 0 0 -1 1 0 0 
2 18.599999999999 27.5 0 0 0 1 9.5367340999999963e-08 -0.99999999999999556 0 0.99999999999999556 9.5367340999999963e-08 -0 1.0000000000012219
1 17.599999999997635 27.5 0 1 2.9745380000000001e-09 0 0 0 -1 -2.9745380000000001e-09 1 0 
2 20.600000000017644 25.806854250004108 0 0 0 1 1 6.5407829999999995e-10 -0 -6.5407829999999995e-10 1 0 2.9999999949801288
1 18.478679659997397 23.685533909995229 0 0.70710683205424218 0.70710673031884919 0 0 0 -1 -0.70710673031884919 0.70710683205424218 0 
2 23.306853867659356 23.099999999994907 0 0 0 1 0.70710678118578951 0.70710678118730552 -0 -0.70710678118730552 0.70710678118578951 0 2.9999999999965601
1 23.30685386766163 20.099999999997635 0 0 1 0 0 -0 1 1 0 -0 
2 28.343146132344827 23.099999999990359 0 0 0 1 1.515825e-12 1 -0 -1 1.515825e-12 0 2.9999999999930091
1 30.464466475898462 20.978679656436725 0 -0.70710683112528583 0.70710673124780576 0 0 0 1 0.70710673124780576 0.70710683112528583 -0 
2 31.049999999991087 25.806854249997286 0 0 0 1 -0.7071067172846891 0.70710684508840016 0 -0.70710684508840016 -0.7071067172846891 0 3.0000000000089968
1 34.049999999999727 25.806854249997286 0 -1 0 0 0 0 1 0 1 -0 
2 33.049999999998363 27.5 0 0 0 1 -1 0 0 0 -1 0 0.99999999999766898
1 33.049999999998363 28.499999999999091 0 0 -1 0 0 0 -1 1 0 0 
2 31.799999999998363 28.199999999999363 0 0 0 1 1.2715721219999993e-06 -0.99999999999919154 0 0.99999999999919154 1.2715721219999993e-06 -0 0.299999999995748
1 31.500000000000909 28.199999999994816 0 1 0 0 0 0 -1 -0 1 0 
2 31.199999999998909 27.39999999999327 0 0 0 1 0 -1 0 1 0 -0 0.299999999995748
1 31.199999999998909 27.09999999999809 0 0 -1 0 0 0 -1 1 0 0 
2 29.800000000000182 27.899999999992815 0 0 0 1 -1 8.5265130000000003e-12 0 -8.5265130000000003e-12 -1 0 0.79999999999813498
1 29.000000000000909 27.899999999999636 0 -1 0 0 0 0 1 0 1 -0 
2 30 28.999999999998636 0 0 0 1 0 1 0 -1 0 0 0.99999999999766898
1 30 30 0 0 1 0 0 -0 1 1 0 -0 
2 37.824999999997999 26.999999999993634 0 0 0 1 1 0 -0 -0 1 0 3.000000000003666
1 40.824999999999818 26.999999999993634 0 1 0 0 0 0 -1 -0 1 0 
2 39.824999999998454 19.174999999997908 0 0 0 1 0 -1 0 1 0 -0 1.0000000000029989
1 39.824999999998454 18.17499999999427 0 -4.1340639999999997e-12 -1 0 -0 0 -1 1 -4.1340639999999997e-12 -0 
2 38.724999999999454 18.97499999999809 0 0 0 1 -1 0 0 0 -1 0 0.80000000000168803
1 37.925000000000182 18.97499999999809 0 -1 0 0 0 0 1 0 1 -0 
2 38.224999999997635 20.374999999994543 0 0 0 1 0 1 0 -1 0 0 0.30000000000107702
1 38.224999999997635 20.67499999999427 0 -5.6843359999999997e-12 1 0 0 0 1 1 5.6843359999999997e-12 -0 
2 39.024999999999181 20.974999999998545 0 0 0 1 -2.5431518220000004e-06 0.99999999999676625 0 -0.99999999999676625 -2.5431518220000004e-06 0 0.30000000000285298
1 39.324999999998909 20.974999999998545 0 -1 3.6379789999999996e-12 0 0 0 1 3.6379789999999996e-12 1 -0 
2 38.325000000004366 22.224999999998545 0 0 0 1 -0.99999999999999556 -9.5369613999999963e-08 0 9.5369613999999963e-08 -0.99999999999999556 0 1.0000000000012219
1 38.324999999999818 23.224999999997635 0 2.9731950000000001e-09 -1 0 0 0 -1 1 2.9731950000000001e-09 0 
2 36.631854249999378 20.225000000004911 0 0 0 1 6.4953079999999998e-10 -1 0 1 6.4953079999999998e-10 -0 2.9999999949605889
1 34.510533910001868 22.346320340002421 0 0.7071067303185522 -0.70710683205453917 0 0 0 -1 0.70710683205453917 0.7071067303185522 0 
2 33.924999999987904 17.518146132340462 0 0 0 1 0.70710678118541104 -0.707106781187684 0 0.707106781187684 0.70710678118541104 -0 2.9999999999859028
1 30.924999999999727 17.518146132335914 0 1 0 0 0 0 -1 -0 1 0 
2 33.924999999987904 12.481853867654991 0 0 0 1 1 -1.515825e-12 0 1.515825e-12 1 -0 2.9999999999859028
1 31.803679656441091 10.360533524101356 0 0.70710673124750878 0.70710683112558281 0 0 0 -1 -0.70710683112558281 0.70710673124750878 0 
2 36.631854249999378 9.774999999992815 0 0 0 1 0.70710684509105315 0.70710671728203611 -0 -0.70710671728203611 0.70710684509105315 0 2.999999999996561
1 36.631854249999378 6.7750000000000909 0 0 1 0 0 -0 1 1 0 -0 
2 38.325000000004366 7.774999999994634 0 0 0 1 4.5474739999999997e-12 1 -0 -1 4.5474739999999997e-12 0 0.99999999999766898
1 39.324999999998909 7.774999999994634 0 -1 0 0 0 0 1 0 1 -0 
2 39.024999999999181 9.0249999999991815 0 0 0 1 -0.99999999999919154 -1.2715645429999994e-06 0 1.2715645429999994e-06 -0.99999999999919154 0 0.30000000000107702
1 39.024999999999181 9.3249999999989086 0 0 -1 0 0 0 -1 1 0 0 
2 38.224999999997635 9.6249999999986358 0 0 0 1 -1 0 0 0 -1 0 0.30000000000285298
1 37.925000000000182 9.6249999999986358 0 -1 0 0 0 0 1 0 1 -0 
2 38.724999999999454 11.024999999999636 0 0 0 1 0 1 0 -1 0 0 0.80000000000168803
1 38.724999999999454 11.824999999998909 0 4.1340669999999999e-12 1 0 0 -0 1 1 -4.1340669999999999e-12 -0 
2 39.825000000005275 10.824999999997544 0 0 0 1 1 0 -0 -0 1 0 0.99999999999766898
1 40.824999999999818 10.824999999997544 0 1 0 0 0 0 -1 -0 1 0 
2 37.824999999997999 2.9999999999995448 0 0 0 1 0 -1 0 1 0 -0 3.000000000003666
1 37.824999999997999 0 0 0 -1 0 0 0 -1 1 0 0 
2 30 0.99999999999909095 0 0 0 1 -1 0 0 0 -1 0 1.0000000000012219
1 29.000000000000909 0.99999999999909095 0 -1 0 0 0 0 1 0 1 -0 
2 29.800000000000182 2.0999999999980901 0 0 0 1 0 1 0 -1 0 0 0.79999999999813498
1 29.800000000000182 2.8999999999996362 0 0 1 0 0 -0 1 1 0 -0 
2 31.199999999998909 2.5999999999976349 0 0 0 1 1 0 -0 -0 1 0 0.29999999999752403
1 31.500000000000909 2.5999999999976349 0 1 0 0 0 0 -1 -0 1 0 
2 31.799999999998363 1.799999999996089 0 0 0 1 0.99999999999676625 2.5431366640000003e-06 -0 -2.5431366640000003e-06 0.99999999999676625 0 0.299999999995748
1 31.799999999998363 1.499999999998636 0 0 1 0 0 -0 1 1 0 -0 
2 33.049999999998363 2.5 0 0 0 1 -9.5374162000000036e-08 0.99999999999999545 0 -0.99999999999999545 -9.5374162000000036e-08 0 0.999999999999446
1 34.049999999999727 2.5 0 -1 -2.971853e-09 0 0 0 1 -2.971853e-09 1 0 
2 31.049999999988813 4.1931457499890712 0 0 0 1 -1 -6.5483620000000001e-10 0 6.5483620000000001e-10 -1 0 2.9999999949801288
1 33.171320340002239 6.3144660900002236 0 -0.70710683205483627 -0.70710673031825522 0 0 0 1 -0.70710673031825522 0.70710683205483627 0 
2 28.343146132344827 6.9000000000073669 0 0 0 1 -0.70710678118692605 -0.70710678118616899 0 0.70710678118616899 -0.70710678118692605 0 2.9999999999947851
1 28.34314613234028 9.9000000000000909 0 0 -1 0 0 0 -1 1 0 0 
2 23.306853867659356 6.899999999998272 0 0 0 1 -7.5791229999999996e-13 -1 0 1 -7.5791229999999996e-13 0 2.9999999999983369
1 21.185533524105722 9.0213203435587275 0 0.70710683112528583 -0.70710673124780576 0 0 0 -1 0.70710673124780576 0.70710683112528583 0 
2 20.600000000010823 4.1931457499913449 0 0 0 1 0.7071067172831732 -0.70710684508991617 0 0.70710684508991617 0.7071067172831732 -0 3.0000000000089968
1 17.599999999997635 4.1931457499958924 0 1 0 0 0 0 -1 -0 1 0 
2 18.599999999999 2.4999999999931788 0 0 0 1 1 -6.8212100000000002e-12 0 6.8212100000000002e-12 1 -0 0.999999999999446
1 18.599999999999 1.499999999998636 0 0 1 0 0 -0 1 1 0 -0 
2 19.850000000008095 1.799999999996089 0 0 0 1 -1.2715418049999995e-06 0.99999999999919165 0 -0.99999999999919165 -1.2715418049999995e-06 0 0.299999999995748
1 20.149999999998727 1.799999999996089 0 -1 0 0 0 0 1 0 1 -0 
2 20.449999999998454 2.5999999999976349 0 0 0 1 0 1 0 -1 0 0 0.29999999999930099
1 20.449999999998454 2.8999999999996362 0 0 1 0 0 -0 1 1 0 -0 
2 21.849999999999454 2.0999999999980901 0 0 0 1 1 0 -0 -0 1 0 0.79999999999813498
1 22.649999999998727 2.0999999999980901 0 1 0 0 0 0 -1 -0 1 0 
2 21.649999999999636 0.99999999999454303 0 0 0 1 0 -1 0 1 0 -0 0.99999999999766898
1 21.649999999999636 0 0 0 -1 0 0 0 -1 1 0 0 
2 -2.6973793900000002e-07 0.99999934878951502 0 0 0 1 -0.99999999999978795 6.5120999899999996e-07 0 -6.5120999899999996e-07 -0.99999999999978795 0 0.99999934878880503
1 -0.99999961852972796 0.99999999999909095 0 -0.99999999999993994 -3.4679032999999998e-07 0 0 0 1 -3.4679032999999998e-07 0.99999999999993994 0 
2 -0.19999999999981799 2.0999999999980901 0 0 0 1 -4.7684238800000017e-07 0.99999999999988631 0 -0.99999999999988631 -4.7684238800000017e-07 0 0.79999999999813498
1 -0.20000038147372801 2.899999999992815 0 -4.872292e-12 1 0 0 0 1 1 4.872292e-12 -0 
2 1.199999730265517 2.5999993487835131 0 0 0 1 0.99999999998889 4.7138250159999998e-06 -0 -4.7138250159999998e-06 0.99999999998889 0 0.30000065121171798
1 1.50000038147482 2.6000007629340871 0 0.99999999999988631 -4.7684193300000021e-07 0 0 0 -1 4.7684193300000021e-07 0.99999999999988631 0 
2 1.7999999999983629 1.7999999999915419 0 0 0 1 1 -1.515825e-11 0 1.515825e-11 1 -0 0.29999999999397198
1 1.799999618526726 1.499999999998636 0 0 1 0 0 -0 1 1 0 -0 
2 3.0500002697385749 2.4999993487904248 0 0 0 1 2.6974038799999996e-07 0.9999999999999637 -0 -0.9999999999999637 2.6974038799999996e-07 0 0.99999934878880503
1 4.0499996185258169 2.5 0 -0.99999999999997469 2.2530482699999992e-07 0 0 0 1 2.2530482699999992e-07 0.99999999999997469 -0 
2 1.0499982241617549 4.1931453967595189 0 0 0 1 -0.99999999999999312 -1.1774538800000002e-07 0 1.1774538800000002e-07 -0.99999999999999312 0 3.0000017758400328
1 3.1713203430172139 6.3144664764399749 0 -0.70710678118654757 -0.70710678118654757 0 0 0 1 -0.70710678118654757 0.70710678118654757 0 
2 -1.656853867655173 6.9000000000073669 0 0 0 1 -0.70710678118692605 -0.70710678118616899 0 0.70710678118616899 -0.70710678118692605 0 2.9999999999947851
1 -1.65685386765972 9.9000000000000909 0 0 -1 0 0 0 -1 1 0 0 
2 -6.6931461323383701 6.899999999998272 0 0 0 1 0 -1 0 1 0 -0 2.9999999999983369
1 -8.8144664758942781 9.0213203435587275 0 0.70710683205483627 -0.70710673031825522 0 0 0 -1 0.70710673031825522 0.70710683205483627 0 
2 -9.3999994408977727 4.1931453764209436 0 0 0 1 0.70710681210670734 -0.70710675026638636 0 0.70710675026638636 0.70710681210670734 -0 3.0000006544668172
1 -12.400000095367432 4.1931457519535797 0 0.99999999999999845 5.6324192000000023e-08 0 0 0 -1 -5.6324192000000023e-08 0.99999999999999845 0 
2 -11.400000000001 2.4999999999931788 0 0 0 1 1 -6.8212100000000002e-12 0 6.8212100000000002e-12 1 -0 0.99999999999766898
1 -11.400000095368341 1.499999999998636 0 0 1 0 0 -0 1 1 0 -0 
2 -10.149999730260788 1.799999348788788 0 0 0 1 8.991359929999998e-07 0.99999999999959577 -0 -0.99999999999959577 8.991359929999998e-07 0 0.29999934879043599
1 -9.8500003814729098 1.7999992370596369 0 -0.99999999999988631 4.7683909100000017e-07 0 0 0 1 4.7683909100000017e-07 0.99999999999988631 -0 
2 -9.5500000000015461 2.599999999995362 0 0 0 1 -6.3575953399999997e-07 0.99999999999979805 0 -0.99999999999979805 -6.3575953399999997e-07 0 0.30000000000107702
1 -9.5500001907294063 2.8999999999996362 0 0 1 0 0 -0 1 1 0 -0 
2 -8.1499997302603333 2.100000651209939 0 0 0 1 0.99999999999999023 1.3965586700000004e-07 -0 -1.3965586700000004e-07 0.99999999999999023 0 0.79999934878927104
1 -7.3500003814638148 2.1000007629345419 0 0.99999999999993994 3.4678388800000001e-07 0 0 0 -1 -3.4678388800000001e-07 0.99999999999993994 0 
2 -8.3500000000003638 0.99999999999909095 0 0 0 1 -3.8147391000000009e-07 -0.99999999999992728 0 0.99999999999992728 -3.8147391000000009e-07 0 1.0000000000029989
1 -8.350000381474274 0 0 0 -1 0 0 0 -1 1 0 0 
2 -16.174999999991542 2.9999999999995448 0 0 0 1 -1 0 0 0 -1 0 3.000000000003666
1 -19.175000000000182 2.9999999999995448 0 -1 0 0 0 0 1 0 1 -0 
2 -18.175000651208393 10.82500026974003 0 0 0 1 6.5120772499999997e-07 0.99999999999978795 -0 -0.99999999999978795 6.5120772499999997e-07 0 0.99999934878702901
1 -18.175000000001091 11.824999618529546 0 -3.4679032999999998e-07 0.99999999999993994 0 0 0 1 0.99999999999993994 3.4679032999999998e-07 -0 
2 -17.074999999999818 11.024999999992815 0 0 0 1 0.99999999999988631 4.768452300000002e-07 -0 -4.768452300000002e-07 0.99999999999988631 0 0.80000000000346505
1 -16.275000000000546 11.025000381468999 0 1 0 0 0 0 -1 -0 1 0 
2 -16.575000651209848 9.6250002697411219 0 0 0 1 4.7138401739999999e-06 -0.99999999998889 0 0.99999999998889 4.7138401739999999e-06 -0 0.300000651217047
1 -16.574999237054726 9.3249996185295458 0 -4.7683624900000018e-07 -0.99999999999988631 0 -0 0 -1 0.99999999999988631 -4.7683624900000018e-07 -0 
2 -17.374999999999545 9.0249999999991815 0 0 0 1 0 -1 0 1 0 -0 0.29999999999752403
1 -17.675000000001546 9.0250003814685442 0 1 0 0 0 0 -1 -0 1 0 
2 -16.67500065120521 7.7749997302566953 0 0 0 1 0.9999999999999637 -2.6973811399999997e-07 0 2.6973811399999997e-07 0.9999999999999637 -0 0.99999934879235797
1 -16.675000000000182 6.7750003814694537 0 2.2530214099999992e-07 0.99999999999997469 0 0 -0 1 0.99999999999997469 -2.2530214099999992e-07 -0 
2 -14.981854603236116 9.7750017758403374 0 0 0 1 -1.1774614600000001e-07 0.99999999999999312 0 -0.99999999999999312 -1.1774614600000001e-07 0 3.0000017758418092
1 -12.860533523555659 7.6536796569780563 0 -0.70710678118773551 0.70710678118535952 0 0 0 1 0.70710678118535952 0.70710678118773551 -0 
2 -12.27500000000191 12.481853867654991 0 0 0 1 -0.707106781187684 0.70710678118541104 0 -0.70710678118541104 -0.707106781187684 0 2.9999999999965601
1 -9.2750000000023647 12.481853867659538 0 -1 0 0 0 0 1 0 1 -0 
2 -12.27500000000191 17.518146132340462 0 0 0 1 -1 1.515825e-12 0 -1.515825e-12 -1 0 2.999999999998336
1 -10.153679656441454 19.639466475894096 0 -0.70710673031944327 -0.70710683205364822 0 0 0 1 -0.70710683205364822 0.70710673031944327 0 
2 -14.981854623574691 20.224999440895317 0 0 0 1 -0.70710675026524994 -0.70710681210784387 0 0.70710681210784387 -0.70710675026524994 0 3.0000006544668172
1 -14.981854248042055 23.225000095364976 0 5.6326878000000026e-08 -0.99999999999999845 0 0 0 -1 0.99999999999999845 5.6326878000000026e-08 0 
2 -16.675000000000182 22.224999999998545 0 0 0 1 0 -1 0 1 0 -0 0.99999999999766898
1 -17.675000000001546 22.225000095368159 0 1 0 0 0 0 -1 -0 1 0 
2 -17.375000651206847 20.974999730260606 0 0 0 1 0.99999999999959577 -8.9912841399999984e-07 0 8.9912841399999984e-07 0.99999999999959577 -0 0.29999934879043599
1 -17.375000762935997 20.67500038146818 0 4.7684193300000021e-07 0.99999999999988631 0 0 -0 1 0.99999999999988631 -4.7684193300000021e-07 -0 
2 -16.575000000000273 20.374999999994543 0 0 0 1 0.99999999999979794 6.3579743000000001e-07 -0 -6.3579743000000001e-07 0.99999999999979794 0 0.30000000000107702
1 -16.275000000000546 20.375000190733772 0 1 0 0 0 0 -1 -0 1 0 
2 -17.074999348792517 18.974999730260151 0 0 0 1 1.3967292000000004e-07 -0.99999999999999023 0 0.99999999999999023 1.3967292000000004e-07 -0 0.79999934879282397
